TYPE;FULLCODE;STATE;COUNTY;TRACT;SHEETS
TRACT;06037101110;06;037;1011.10;1
TRACT;06037101122;06;037;1011.22;1
TRACT;06037101220;06;037;1012.20;1
TRACT;06037101221;06;037;1012.21;1
TRACT;06037101222;06;037;1012.22;1
TRACT;06037101300;06;037;1013.00;1
TRACT;06037101400;06;037;1014.00;1
TRACT;06037102103;06;037;1021.03;1
TRACT;06037102104;06;037;1021.04;1
TRACT;06037102105;06;037;1021.05;1
TRACT;06037102107;06;037;1021.07;1
TRACT;06037103101;06;037;1031.01;1
TRACT;06037103102;06;037;1031.02;1
TRACT;06037103201;06;037;1032.01;1
TRACT;06037103202;06;037;1032.02;1
TRACT;06037103300;06;037;1033.00;1
TRACT;06037103401;06;037;1034.01;1
TRACT;06037103402;06;037;1034.02;1
TRACT;06037104103;06;037;1041.03;1
TRACT;06037104105;06;037;1041.05;1
TRACT;06037104108;06;037;1041.08;1
TRACT;06037104124;06;037;1041.24;1
TRACT;06037104201;06;037;1042.01;1
TRACT;06037104203;06;037;1042.03;1
TRACT;06037104204;06;037;1042.04;1
TRACT;06037104310;06;037;1043.10;1
TRACT;06037104321;06;037;1043.21;1
TRACT;06037104322;06;037;1043.22;1
TRACT;06037104401;06;037;1044.01;1
TRACT;06037104403;06;037;1044.03;1
TRACT;06037104404;06;037;1044.04;1
TRACT;06037104500;06;037;1045.00;1
TRACT;06037104610;06;037;1046.10;1
TRACT;06037104620;06;037;1046.20;1
TRACT;06037104701;06;037;1047.01;1
TRACT;06037104703;06;037;1047.03;1
TRACT;06037104704;06;037;1047.04;1
TRACT;06037104821;06;037;1048.21;1
TRACT;06037104822;06;037;1048.22;1
TRACT;06037104823;06;037;1048.23;1
TRACT;06037104824;06;037;1048.24;1
TRACT;06037106010;06;037;1060.10;1
TRACT;06037106020;06;037;1060.20;1
TRACT;06037106111;06;037;1061.11;1
TRACT;06037106112;06;037;1061.12;1
TRACT;06037106113;06;037;1061.13;1
TRACT;06037106114;06;037;1061.14;1
TRACT;06037106403;06;037;1064.03;1
TRACT;06037106405;06;037;1064.05;1
TRACT;06037106406;06;037;1064.06;1
TRACT;06037106407;06;037;1064.07;1
TRACT;06037106408;06;037;1064.08;1
TRACT;06037106510;06;037;1065.10;1
TRACT;06037106520;06;037;1065.20;1
TRACT;06037106603;06;037;1066.03;1
TRACT;06037106604;06;037;1066.04;1
TRACT;06037106641;06;037;1066.41;1
TRACT;06037106642;06;037;1066.42;1
TRACT;06037106643;06;037;1066.43;1
TRACT;06037106645;06;037;1066.45;1
TRACT;06037106646;06;037;1066.46;1
TRACT;06037106648;06;037;1066.48;1
TRACT;06037106649;06;037;1066.49;1
TRACT;06037107010;06;037;1070.10;1
TRACT;06037107020;06;037;1070.20;1
TRACT;06037108101;06;037;1081.01;1
TRACT;06037108102;06;037;1081.02;1
TRACT;06037108103;06;037;1081.03;1
TRACT;06037108104;06;037;1081.04;1
TRACT;06037108202;06;037;1082.02;1
TRACT;06037108203;06;037;1082.03;1
TRACT;06037108204;06;037;1082.04;1
TRACT;06037109100;06;037;1091.00;1
TRACT;06037109200;06;037;1092.00;1
TRACT;06037109300;06;037;1093.00;1
TRACT;06037109400;06;037;1094.00;1
TRACT;06037109500;06;037;1095.00;1
TRACT;06037109601;06;037;1096.01;1
TRACT;06037109603;06;037;1096.03;1
TRACT;06037109604;06;037;1096.04;1
TRACT;06037109700;06;037;1097.00;1
TRACT;06037109800;06;037;1098.00;1
TRACT;06037111100;06;037;1111.00;1
TRACT;06037111201;06;037;1112.01;1
TRACT;06037111202;06;037;1112.02;1
TRACT;06037111204;06;037;1112.04;1
TRACT;06037111205;06;037;1112.05;1
TRACT;06037111206;06;037;1112.06;1
TRACT;06037111302;06;037;1113.02;1
TRACT;06037111303;06;037;1113.03;1
TRACT;06037111304;06;037;1113.04;1
TRACT;06037111401;06;037;1114.01;1
TRACT;06037111402;06;037;1114.02;1
TRACT;06037113101;06;037;1131.01;1
TRACT;06037113102;06;037;1131.02;1
TRACT;06037113211;06;037;1132.11;1
TRACT;06037113212;06;037;1132.12;1
TRACT;06037113213;06;037;1132.13;1
TRACT;06037113231;06;037;1132.31;1
TRACT;06037113232;06;037;1132.32;1
TRACT;06037113234;06;037;1132.34;1
TRACT;06037113235;06;037;1132.35;1
TRACT;06037113237;06;037;1132.37;1
TRACT;06037113238;06;037;1132.38;1
TRACT;06037113239;06;037;1132.39;1
TRACT;06037113301;06;037;1133.01;1
TRACT;06037113303;06;037;1133.03;1
TRACT;06037113322;06;037;1133.22;1
TRACT;06037113323;06;037;1133.23;1
TRACT;06037113324;06;037;1133.24;1
TRACT;06037113423;06;037;1134.23;1
TRACT;06037113424;06;037;1134.24;1
TRACT;06037113425;06;037;1134.25;1
TRACT;06037113426;06;037;1134.26;1
TRACT;06037113427;06;037;1134.27;1
TRACT;06037113428;06;037;1134.28;1
TRACT;06037115101;06;037;1151.01;1
TRACT;06037115103;06;037;1151.03;1
TRACT;06037115104;06;037;1151.04;1
TRACT;06037115202;06;037;1152.02;1
TRACT;06037115203;06;037;1152.03;1
TRACT;06037115204;06;037;1152.04;1
TRACT;06037115301;06;037;1153.01;1
TRACT;06037115302;06;037;1153.02;1
TRACT;06037115401;06;037;1154.01;1
TRACT;06037115403;06;037;1154.03;1
TRACT;06037115404;06;037;1154.04;1
TRACT;06037117101;06;037;1171.01;1
TRACT;06037117102;06;037;1171.02;1
TRACT;06037117201;06;037;1172.01;1
TRACT;06037117202;06;037;1172.02;1
TRACT;06037117301;06;037;1173.01;1
TRACT;06037117302;06;037;1173.02;1
TRACT;06037117303;06;037;1173.03;1
TRACT;06037117404;06;037;1174.04;1
TRACT;06037117405;06;037;1174.05;1
TRACT;06037117407;06;037;1174.07;1
TRACT;06037117408;06;037;1174.08;1
TRACT;06037117510;06;037;1175.10;1
TRACT;06037117520;06;037;1175.20;1
TRACT;06037117530;06;037;1175.30;1
TRACT;06037119001;06;037;1190.01;1
TRACT;06037119003;06;037;1190.03;1
TRACT;06037119004;06;037;1190.04;1
TRACT;06037119201;06;037;1192.01;1
TRACT;06037119202;06;037;1192.02;1
TRACT;06037119310;06;037;1193.10;1
TRACT;06037119320;06;037;1193.20;1
TRACT;06037119340;06;037;1193.40;1
TRACT;06037119341;06;037;1193.41;1
TRACT;06037119342;06;037;1193.42;1
TRACT;06037119400;06;037;1194.00;1
TRACT;06037119700;06;037;1197.00;1
TRACT;06037119801;06;037;1198.01;1
TRACT;06037119802;06;037;1198.02;1
TRACT;06037119900;06;037;1199.00;1
TRACT;06037120010;06;037;1200.10;1
TRACT;06037120020;06;037;1200.20;1
TRACT;06037120030;06;037;1200.30;1
TRACT;06037120103;06;037;1201.03;1
TRACT;06037120104;06;037;1201.04;1
TRACT;06037120105;06;037;1201.05;1
TRACT;06037120106;06;037;1201.06;1
TRACT;06037120107;06;037;1201.07;1
TRACT;06037120108;06;037;1201.08;1
TRACT;06037120300;06;037;1203.00;1
TRACT;06037120400;06;037;1204.00;1
TRACT;06037121010;06;037;1210.10;1
TRACT;06037121020;06;037;1210.20;1
TRACT;06037121101;06;037;1211.01;1
TRACT;06037121102;06;037;1211.02;1
TRACT;06037121210;06;037;1212.10;1
TRACT;06037121221;06;037;1212.21;1
TRACT;06037121222;06;037;1212.22;1
TRACT;06037121600;06;037;1216.00;1
TRACT;06037121801;06;037;1218.01;1
TRACT;06037121802;06;037;1218.02;1
TRACT;06037121900;06;037;1219.00;1
TRACT;06037122000;06;037;1220.00;1
TRACT;06037122120;06;037;1221.20;1
TRACT;06037122121;06;037;1221.21;1
TRACT;06037122122;06;037;1221.22;1
TRACT;06037122200;06;037;1222.00;1
TRACT;06037122410;06;037;1224.10;1
TRACT;06037122420;06;037;1224.20;1,3
TRACT;06037123010;06;037;1230.10;1,3
TRACT;06037123020;06;037;1230.20;1
TRACT;06037123103;06;037;1231.03;3
TRACT;06037123104;06;037;1231.04;3
TRACT;06037123203;06;037;1232.03;1,3
TRACT;06037123204;06;037;1232.04;3
TRACT;06037123205;06;037;1232.05;1,3
TRACT;06037123206;06;037;1232.06;3
TRACT;06037123301;06;037;1233.01;1,3
TRACT;06037123303;06;037;1233.03;1,3
TRACT;06037123304;06;037;1233.04;1,3
TRACT;06037123410;06;037;1234.10;1,3
TRACT;06037123420;06;037;1234.20;1,3
TRACT;06037123510;06;037;1235.10;1,3
TRACT;06037123520;06;037;1235.20;3
TRACT;06037123601;06;037;1236.01;3
TRACT;06037123602;06;037;1236.02;3
TRACT;06037123700;06;037;1237.00;3
TRACT;06037123800;06;037;1238.00;3
TRACT;06037123901;06;037;1239.01;3
TRACT;06037123902;06;037;1239.02;3
TRACT;06037124000;06;037;1240.00;3
TRACT;06037124102;06;037;1241.02;3
TRACT;06037124103;06;037;1241.03;3
TRACT;06037124104;06;037;1241.04;3
TRACT;06037124105;06;037;1241.05;3
TRACT;06037124201;06;037;1242.01;3
TRACT;06037124203;06;037;1242.03;3
TRACT;06037124204;06;037;1242.04;3
TRACT;06037124300;06;037;1243.00;3
TRACT;06037124400;06;037;1244.00;3
TRACT;06037124500;06;037;1245.00;3
TRACT;06037124600;06;037;1246.00;3
TRACT;06037124700;06;037;1247.00;3
TRACT;06037124902;06;037;1249.02;3
TRACT;06037124903;06;037;1249.03;3
TRACT;06037125101;06;037;1251.01;3
TRACT;06037125102;06;037;1251.02;3
TRACT;06037125200;06;037;1252.00;3
TRACT;06037125310;06;037;1253.10;3
TRACT;06037125321;06;037;1253.21;3
TRACT;06037125322;06;037;1253.22;3
TRACT;06037125402;06;037;1254.02;3
TRACT;06037125403;06;037;1254.03;3
TRACT;06037125404;06;037;1254.04;3
TRACT;06037125501;06;037;1255.01;3
TRACT;06037125502;06;037;1255.02;3
TRACT;06037125600;06;037;1256.00;3
TRACT;06037127102;06;037;1271.02;1
TRACT;06037127103;06;037;1271.03;1
TRACT;06037127104;06;037;1271.04;1
TRACT;06037127210;06;037;1272.10;1
TRACT;06037127220;06;037;1272.20;1
TRACT;06037127300;06;037;1273.00;1
TRACT;06037127400;06;037;1274.00;1
TRACT;06037127520;06;037;1275.20;1
TRACT;06037127603;06;037;1276.03;3
TRACT;06037127604;06;037;1276.04;1,3
TRACT;06037127605;06;037;1276.05;3
TRACT;06037127606;06;037;1276.06;3
TRACT;06037127711;06;037;1277.11;3
TRACT;06037127712;06;037;1277.12;1,3
TRACT;06037127803;06;037;1278.03;1,3
TRACT;06037127804;06;037;1278.04;1,3
TRACT;06037127805;06;037;1278.05;3
TRACT;06037127806;06;037;1278.06;3
TRACT;06037127910;06;037;1279.10;1,3
TRACT;06037127920;06;037;1279.20;1,3
TRACT;06037128101;06;037;1281.01;3
TRACT;06037128102;06;037;1281.02;3
TRACT;06037128210;06;037;1282.10;3
TRACT;06037128220;06;037;1282.20;3
TRACT;06037128302;06;037;1283.02;3
TRACT;06037128303;06;037;1283.03;3
TRACT;06037128400;06;037;1284.00;3
TRACT;06037128500;06;037;1285.00;3
TRACT;06037128601;06;037;1286.01;3
TRACT;06037128602;06;037;1286.02;3
TRACT;06037128703;06;037;1287.03;3
TRACT;06037128704;06;037;1287.04;3
TRACT;06037128801;06;037;1288.01;3
TRACT;06037128802;06;037;1288.02;3
TRACT;06037128910;06;037;1289.10;3
TRACT;06037131021;06;037;1310.21;1
TRACT;06037131022;06;037;1310.22;1
TRACT;06037131023;06;037;1310.23;1
TRACT;06037131024;06;037;1310.24;1,3
TRACT;06037131100;06;037;1311.00;1
TRACT;06037131200;06;037;1312.00;1
TRACT;06037131300;06;037;1313.00;1
TRACT;06037131400;06;037;1314.00;1
TRACT;06037131600;06;037;1316.00;1
TRACT;06037131701;06;037;1317.01;1
TRACT;06037131702;06;037;1317.02;1
TRACT;06037131801;06;037;1318.01;1
TRACT;06037131802;06;037;1318.02;1
TRACT;06037131900;06;037;1319.00;1
TRACT;06037132001;06;037;1320.01;3
TRACT;06037132002;06;037;1320.02;1,3
TRACT;06037132101;06;037;1321.01;3
TRACT;06037132102;06;037;1321.02;1,3
TRACT;06037132301;06;037;1323.01;1,3
TRACT;06037132302;06;037;1323.02;3
TRACT;06037132501;06;037;1325.01;1,3
TRACT;06037132502;06;037;1325.02;3
TRACT;06037132700;06;037;1327.00;3
TRACT;06037132900;06;037;1329.00;3
TRACT;06037133000;06;037;1330.00;1,3
TRACT;06037133101;06;037;1331.01;3
TRACT;06037133102;06;037;1331.02;3
TRACT;06037134001;06;037;1340.01;1,3
TRACT;06037134002;06;037;1340.02;1,3
TRACT;06037134101;06;037;1341.01;1
TRACT;06037134103;06;037;1341.03;1
TRACT;06037134104;06;037;1341.04;1
TRACT;06037134201;06;037;1342.01;1
TRACT;06037134302;06;037;1343.02;1
TRACT;06037134303;06;037;1343.03;1,3
TRACT;06037134304;06;037;1343.04;1
TRACT;06037134305;06;037;1343.05;1
TRACT;06037134306;06;037;1343.06;1
TRACT;06037134421;06;037;1344.21;1,3
TRACT;06037134422;06;037;1344.22;1,3
TRACT;06037134423;06;037;1344.23;1
TRACT;06037134424;06;037;1344.24;1
TRACT;06037134520;06;037;1345.20;1,3
TRACT;06037134521;06;037;1345.21;1
TRACT;06037134522;06;037;1345.22;1
TRACT;06037134710;06;037;1347.10;1
TRACT;06037134720;06;037;1347.20;1
TRACT;06037134801;06;037;1348.01;1,3
TRACT;06037134802;06;037;1348.02;1,3
TRACT;06037134901;06;037;1349.01;3
TRACT;06037134904;06;037;1349.04;3
TRACT;06037134905;06;037;1349.05;3
TRACT;06037134906;06;037;1349.06;3
TRACT;06037134907;06;037;1349.07;3
TRACT;06037135102;06;037;1351.02;3
TRACT;06037135111;06;037;1351.11;3
TRACT;06037135113;06;037;1351.13;3
TRACT;06037135115;06;037;1351.15;3
TRACT;06037135116;06;037;1351.16;3
TRACT;06037135201;06;037;1352.01;3
TRACT;06037135202;06;037;1352.02;3
TRACT;06037135204;06;037;1352.04;3
TRACT;06037135205;06;037;1352.05;1,3
TRACT;06037137000;06;037;1370.00;3
TRACT;06037137103;06;037;1371.03;3
TRACT;06037137104;06;037;1371.04;3
TRACT;06037137202;06;037;1372.02;3
TRACT;06037137203;06;037;1372.03;3
TRACT;06037137301;06;037;1373.01;3
TRACT;06037137302;06;037;1373.02;3
TRACT;06037137401;06;037;1374.01;3
TRACT;06037137402;06;037;1374.02;3
TRACT;06037137501;06;037;1375.01;3
TRACT;06037137502;06;037;1375.02;3
TRACT;06037137504;06;037;1375.04;3
TRACT;06037138000;06;037;1380.00;3
TRACT;06037139001;06;037;1390.01;3
TRACT;06037139200;06;037;1392.00;3
TRACT;06037139301;06;037;1393.01;3
TRACT;06037139302;06;037;1393.02;3
TRACT;06037139303;06;037;1393.03;3
TRACT;06037139401;06;037;1394.01;3
TRACT;06037139402;06;037;1394.02;3
TRACT;06037139502;06;037;1395.02;3
TRACT;06037139504;06;037;1395.04;3
TRACT;06037139505;06;037;1395.05;3
TRACT;06037139506;06;037;1395.06;3
TRACT;06037139600;06;037;1396.00;3
TRACT;06037139701;06;037;1397.01;3
TRACT;06037139703;06;037;1397.03;3
TRACT;06037139704;06;037;1397.04;3
TRACT;06037139705;06;037;1397.05;3
TRACT;06037139801;06;037;1398.01;3
TRACT;06037139802;06;037;1398.02;3
TRACT;06037141101;06;037;1411.01;3
TRACT;06037141102;06;037;1411.02;3
TRACT;06037141201;06;037;1412.01;3
TRACT;06037141202;06;037;1412.02;3
TRACT;06037141303;06;037;1413.03;3
TRACT;06037141304;06;037;1413.04;3
TRACT;06037141305;06;037;1413.05;3
TRACT;06037141306;06;037;1413.06;3
TRACT;06037141400;06;037;1414.00;3
TRACT;06037141500;06;037;1415.00;3
TRACT;06037141600;06;037;1416.00;3
TRACT;06037141700;06;037;1417.00;3
TRACT;06037143101;06;037;1431.01;A1,A2
TRACT;06037143102;06;037;1431.02;A1
TRACT;06037143200;06;037;1432.00;3
TRACT;06037143301;06;037;1433.01;3
TRACT;06037143302;06;037;1433.02;3
TRACT;06037143401;06;037;1434.01;3
TRACT;06037143402;06;037;1434.02;3
TRACT;06037143500;06;037;1435.00;3
TRACT;06037143602;06;037;1436.02;3
TRACT;06037143603;06;037;1436.03;A1,A2
TRACT;06037143605;06;037;1436.05;A2
TRACT;06037143606;06;037;1436.06;A2
TRACT;06037143700;06;037;1437.00;A2
TRACT;06037143801;06;037;1438.01;3
TRACT;06037143802;06;037;1438.02;A2
TRACT;06037143901;06;037;1439.01;3
TRACT;06037143902;06;037;1439.02;3
TRACT;06037181000;06;037;1810.00;A1,A2
TRACT;06037181300;06;037;1813.00;A1,A2
TRACT;06037181400;06;037;1814.00;A2
TRACT;06037181500;06;037;1815.00;A2
TRACT;06037181600;06;037;1816.00;A2
TRACT;06037183101;06;037;1831.01;A2
TRACT;06037183103;06;037;1831.03;A2
TRACT;06037183104;06;037;1831.04;A2
TRACT;06037183220;06;037;1832.20;A2
TRACT;06037183221;06;037;1832.21;A2
TRACT;06037183222;06;037;1832.22;A2
TRACT;06037183300;06;037;1833.00;A2
TRACT;06037183401;06;037;1834.01;A2
TRACT;06037183402;06;037;1834.02;A2
TRACT;06037183510;06;037;1835.10;A2
TRACT;06037183520;06;037;1835.20;A2
TRACT;06037183610;06;037;1836.10;A2
TRACT;06037183620;06;037;1836.20;A2
TRACT;06037183701;06;037;1837.01;A2
TRACT;06037183702;06;037;1837.02;A2
TRACT;06037183810;06;037;1838.10;A2
TRACT;06037183820;06;037;1838.20;A2
TRACT;06037185101;06;037;1851.01;A2
TRACT;06037185102;06;037;1851.02;A2
TRACT;06037185202;06;037;1852.02;A2
TRACT;06037185203;06;037;1852.03;A2
TRACT;06037185204;06;037;1852.04;A2
TRACT;06037185310;06;037;1853.10;A2
TRACT;06037185320;06;037;1853.20;A2
TRACT;06037186100;06;037;1861.00;A2
TRACT;06037186201;06;037;1862.01;A2
TRACT;06037186202;06;037;1862.02;A2
TRACT;06037186203;06;037;1862.03;A2
TRACT;06037186301;06;037;1863.01;A2
TRACT;06037186302;06;037;1863.02;A2
TRACT;06037186401;06;037;1864.01;A2
TRACT;06037186403;06;037;1864.03;A2
TRACT;06037186404;06;037;1864.04;A2
TRACT;06037187101;06;037;1871.01;A2
TRACT;06037187102;06;037;1871.02;A2
TRACT;06037187200;06;037;1872.00;A2
TRACT;06037187300;06;037;1873.00;A2
TRACT;06037188100;06;037;1881.00;A1,A2
TRACT;06037188201;06;037;1882.01;A2
TRACT;06037188202;06;037;1882.02;A2
TRACT;06037188300;06;037;1883.00;A2
TRACT;06037189101;06;037;1891.01;A2
TRACT;06037189102;06;037;1891.02;A2
TRACT;06037189201;06;037;1892.01;A2
TRACT;06037189202;06;037;1892.02;A2
TRACT;06037189300;06;037;1893.00;A2
TRACT;06037189400;06;037;1894.00;A2
TRACT;06037189501;06;037;1895.01;A2
TRACT;06037189502;06;037;1895.02;A2
TRACT;06037189600;06;037;1896.00;A2
TRACT;06037189702;06;037;1897.02;A2
TRACT;06037189703;06;037;1897.03;A1,A2
TRACT;06037189704;06;037;1897.04;A1,A2
TRACT;06037189801;06;037;1898.01;A2
TRACT;06037189802;06;037;1898.02;A2
TRACT;06037189903;06;037;1899.03;A2
TRACT;06037189904;06;037;1899.04;A2
TRACT;06037189905;06;037;1899.05;A2
TRACT;06037189906;06;037;1899.06;A2
TRACT;06037189907;06;037;1899.07;A2
TRACT;06037190101;06;037;1901.01;A2
TRACT;06037190102;06;037;1901.02;A2
TRACT;06037190201;06;037;1902.01;A2
TRACT;06037190202;06;037;1902.02;A2
TRACT;06037190302;06;037;1903.02;A2
TRACT;06037190303;06;037;1903.03;A2
TRACT;06037190401;06;037;1904.01;A2
TRACT;06037190402;06;037;1904.02;A2
TRACT;06037190510;06;037;1905.10;A2
TRACT;06037190520;06;037;1905.20;A2
TRACT;06037190701;06;037;1907.01;A2
TRACT;06037190702;06;037;1907.02;A2
TRACT;06037190801;06;037;1908.01;A2
TRACT;06037190802;06;037;1908.02;A2
TRACT;06037190901;06;037;1909.01;A2
TRACT;06037190902;06;037;1909.02;A2
TRACT;06037191000;06;037;1910.00;A2
TRACT;06037191110;06;037;1911.10;A2
TRACT;06037191120;06;037;1911.20;A2
TRACT;06037191201;06;037;1912.01;A2
TRACT;06037191203;06;037;1912.03;A2
TRACT;06037191204;06;037;1912.04;A2
TRACT;06037191301;06;037;1913.01;A2
TRACT;06037191302;06;037;1913.02;A2
TRACT;06037191410;06;037;1914.10;A2
TRACT;06037191420;06;037;1914.20;A2
TRACT;06037191500;06;037;1915.00;A2
TRACT;06037191610;06;037;1916.10;A2
TRACT;06037191620;06;037;1916.20;A2
TRACT;06037191710;06;037;1917.10;A2
TRACT;06037191720;06;037;1917.20;A2
TRACT;06037191810;06;037;1918.10;A2
TRACT;06037191820;06;037;1918.20;A2
TRACT;06037191901;06;037;1919.01;A2
TRACT;06037191902;06;037;1919.02;A2
TRACT;06037192001;06;037;1920.01;A2
TRACT;06037192002;06;037;1920.02;A2
TRACT;06037192300;06;037;1923.00;A2
TRACT;06037192410;06;037;1924.10;A2
TRACT;06037192420;06;037;1924.20;A2
TRACT;06037192510;06;037;1925.10;A2
TRACT;06037192520;06;037;1925.20;A2
TRACT;06037192610;06;037;1926.10;A2
TRACT;06037192620;06;037;1926.20;A2
TRACT;06037192700;06;037;1927.00;A2
TRACT;06037194101;06;037;1941.01;A2
TRACT;06037194102;06;037;1941.02;A2
TRACT;06037194200;06;037;1942.00;A2
TRACT;06037194300;06;037;1943.00;A2
TRACT;06037194401;06;037;1944.01;A2
TRACT;06037194402;06;037;1944.02;A2
TRACT;06037194500;06;037;1945.00;A2
TRACT;06037195100;06;037;1951.00;A2
TRACT;06037195201;06;037;1952.01;A2
TRACT;06037195202;06;037;1952.02;A2
TRACT;06037195300;06;037;1953.00;A2
TRACT;06037195400;06;037;1954.00;A2
TRACT;06037195500;06;037;1955.00;A2
TRACT;06037195600;06;037;1956.00;A2
TRACT;06037195710;06;037;1957.10;A2
TRACT;06037195720;06;037;1957.20;A2
TRACT;06037195802;06;037;1958.02;A2
TRACT;06037195803;06;037;1958.03;A2
TRACT;06037195804;06;037;1958.04;A2
TRACT;06037195901;06;037;1959.01;A2
TRACT;06037195902;06;037;1959.02;A2
TRACT;06037195903;06;037;1959.03;A2
TRACT;06037197200;06;037;1972.00;A2
TRACT;06037197300;06;037;1973.00;A2
TRACT;06037197410;06;037;1974.10;A2
TRACT;06037197420;06;037;1974.20;A2
TRACT;06037197500;06;037;1975.00;A2
TRACT;06037197600;06;037;1976.00;A2
TRACT;06037197700;06;037;1977.00;A2
TRACT;06037199001;06;037;1990.01;A2
TRACT;06037199002;06;037;1990.02;A2
TRACT;06037199110;06;037;1991.10;A2
TRACT;06037199120;06;037;1991.20;A2
TRACT;06037199201;06;037;1992.01;A2
TRACT;06037199202;06;037;1992.02;A2
TRACT;06037199300;06;037;1993.00;A2
TRACT;06037199400;06;037;1994.00;A2
TRACT;06037199700;06;037;1997.00;A2
TRACT;06037199801;06;037;1998.01;A2
TRACT;06037199802;06;037;1998.02;A2
TRACT;06037199900;06;037;1999.00;A2
TRACT;06037201110;06;037;2011.10;A2
TRACT;06037201120;06;037;2011.20;A2
TRACT;06037201200;06;037;2012.00;A2
TRACT;06037201301;06;037;2013.01;A2
TRACT;06037201302;06;037;2013.02;A2
TRACT;06037201401;06;037;2014.01;A2
TRACT;06037201402;06;037;2014.02;A2
TRACT;06037201501;06;037;2015.01;A2
TRACT;06037201503;06;037;2015.03;A2
TRACT;06037201504;06;037;2015.04;A2
TRACT;06037201601;06;037;2016.01;A2
TRACT;06037201602;06;037;2016.02;A2
TRACT;06037201700;06;037;2017.00;A2
TRACT;06037203100;06;037;2031.00;A2
TRACT;06037203200;06;037;2032.00;A2
TRACT;06037203300;06;037;2033.00;A2
TRACT;06037203500;06;037;2035.00;A2
TRACT;06037203601;06;037;2036.01;A2
TRACT;06037203602;06;037;2036.02;A2
TRACT;06037203710;06;037;2037.10;A2
TRACT;06037203720;06;037;2037.20;A2
TRACT;06037203800;06;037;2038.00;A2
TRACT;06037203900;06;037;2039.00;A2
TRACT;06037204110;06;037;2041.10;A2
TRACT;06037204120;06;037;2041.20;A2
TRACT;06037204200;06;037;2042.00;A2
TRACT;06037204300;06;037;2043.00;A2
TRACT;06037204410;06;037;2044.10;A2
TRACT;06037204420;06;037;2044.20;A2
TRACT;06037204600;06;037;2046.00;A2
TRACT;06037204700;06;037;2047.00;A2
TRACT;06037204810;06;037;2048.10;A2
TRACT;06037204820;06;037;2048.20;A2
TRACT;06037204910;06;037;2049.10;A2
TRACT;06037204920;06;037;2049.20;A2
TRACT;06037205110;06;037;2051.10;A2
TRACT;06037205120;06;037;2051.20;A2
TRACT;06037206010;06;037;2060.10;A2
TRACT;06037206020;06;037;2060.20;A2
TRACT;06037206050;06;037;2060.50;A2
TRACT;06037206051;06;037;2060.51;A2
TRACT;06037206052;06;037;2060.52;A2
TRACT;06037206053;06;037;2060.53;A2
TRACT;06037206054;06;037;2060.54;A2
TRACT;06037206201;06;037;2062.01;A2
TRACT;06037206202;06;037;2062.02;A2
TRACT;06037206301;06;037;2063.01;A2
TRACT;06037206302;06;037;2063.02;A2
TRACT;06037206303;06;037;2063.03;A2
TRACT;06037207101;06;037;2071.01;A2
TRACT;06037207102;06;037;2071.02;A2
TRACT;06037207103;06;037;2071.03;A2
TRACT;06037207303;06;037;2073.03;A2
TRACT;06037207304;06;037;2073.04;A2
TRACT;06037207305;06;037;2073.05;A2
TRACT;06037207306;06;037;2073.06;A2
TRACT;06037207307;06;037;2073.07;A2
TRACT;06037207308;06;037;2073.08;A2
TRACT;06037207400;06;037;2074.00;A2
TRACT;06037207501;06;037;2075.01;A2
TRACT;06037207502;06;037;2075.02;A2
TRACT;06037207711;06;037;2077.11;A2
TRACT;06037207712;06;037;2077.12;A2
TRACT;06037207901;06;037;2079.01;A2
TRACT;06037207902;06;037;2079.02;A2
TRACT;06037208001;06;037;2080.01;A2
TRACT;06037208002;06;037;2080.02;A2
TRACT;06037208301;06;037;2083.01;A2
TRACT;06037208302;06;037;2083.02;A2
TRACT;06037208401;06;037;2084.01;A2
TRACT;06037208402;06;037;2084.02;A2
TRACT;06037208501;06;037;2085.01;A2
TRACT;06037208502;06;037;2085.02;A2
TRACT;06037208610;06;037;2086.10;A2
TRACT;06037208620;06;037;2086.20;A2
TRACT;06037208710;06;037;2087.10;A2
TRACT;06037208720;06;037;2087.20;A2
TRACT;06037208801;06;037;2088.01;A2
TRACT;06037208802;06;037;2088.02;A2
TRACT;06037208902;06;037;2089.02;A2
TRACT;06037208903;06;037;2089.03;A2
TRACT;06037208904;06;037;2089.04;A2
TRACT;06037209103;06;037;2091.03;A2
TRACT;06037209104;06;037;2091.04;A2
TRACT;06037209105;06;037;2091.05;A2
TRACT;06037209106;06;037;2091.06;A2
TRACT;06037209201;06;037;2092.01;A2
TRACT;06037209202;06;037;2092.02;A2
TRACT;06037209300;06;037;2093.00;A2
TRACT;06037209401;06;037;2094.01;A2
TRACT;06037209402;06;037;2094.02;A2
TRACT;06037209403;06;037;2094.03;A2
TRACT;06037209510;06;037;2095.10;A2
TRACT;06037209520;06;037;2095.20;A2
TRACT;06037209810;06;037;2098.10;A2
TRACT;06037209820;06;037;2098.20;A2
TRACT;06037210010;06;037;2100.10;A2
TRACT;06037211000;06;037;2110.00;A2
TRACT;06037211121;06;037;2111.21;A2
TRACT;06037211122;06;037;2111.22;A2
TRACT;06037211123;06;037;2111.23;A2
TRACT;06037211124;06;037;2111.24;A2
TRACT;06037211201;06;037;2112.01;A2
TRACT;06037211202;06;037;2112.02;A2
TRACT;06037211310;06;037;2113.10;A2
TRACT;06037211320;06;037;2113.20;A2
TRACT;06037211410;06;037;2114.10;A2
TRACT;06037211420;06;037;2114.20;A2
TRACT;06037211500;06;037;2115.00;A2
TRACT;06037211701;06;037;2117.01;A2
TRACT;06037211703;06;037;2117.03;A2
TRACT;06037211704;06;037;2117.04;A2
TRACT;06037211802;06;037;2118.02;A2
TRACT;06037211803;06;037;2118.03;A2
TRACT;06037211804;06;037;2118.04;A2
TRACT;06037211910;06;037;2119.10;A2
TRACT;06037211921;06;037;2119.21;A2
TRACT;06037211922;06;037;2119.22;A2
TRACT;06037212101;06;037;2121.01;A2
TRACT;06037212102;06;037;2121.02;A2
TRACT;06037212202;06;037;2122.02;A2
TRACT;06037212203;06;037;2122.03;A2
TRACT;06037212204;06;037;2122.04;A2
TRACT;06037212303;06;037;2123.03;A2
TRACT;06037212304;06;037;2123.04;A2
TRACT;06037212305;06;037;2123.05;A2
TRACT;06037212306;06;037;2123.06;A2
TRACT;06037212410;06;037;2124.10;A2
TRACT;06037212420;06;037;2124.20;A2
TRACT;06037212501;06;037;2125.01;A2
TRACT;06037212502;06;037;2125.02;A2
TRACT;06037212610;06;037;2126.10;A2
TRACT;06037212620;06;037;2126.20;A2
TRACT;06037212701;06;037;2127.01;A2
TRACT;06037212702;06;037;2127.02;A2
TRACT;06037212800;06;037;2128.00;A2
TRACT;06037212900;06;037;2129.00;A2
TRACT;06037213100;06;037;2131.00;A2
TRACT;06037213201;06;037;2132.01;A2
TRACT;06037213202;06;037;2132.02;A2
TRACT;06037213310;06;037;2133.10;A2
TRACT;06037213320;06;037;2133.20;A2
TRACT;06037213401;06;037;2134.01;A2
TRACT;06037213402;06;037;2134.02;A2
TRACT;06037214000;06;037;2140.00;A2
TRACT;06037214100;06;037;2141.00;A2
TRACT;06037214400;06;037;2144.00;A2
TRACT;06037214501;06;037;2145.01;A2
TRACT;06037214503;06;037;2145.03;A2
TRACT;06037214504;06;037;2145.04;A2
TRACT;06037214505;06;037;2145.05;A2
TRACT;06037214600;06;037;2146.00;A2
TRACT;06037214700;06;037;2147.00;A2
TRACT;06037214800;06;037;2148.00;A2
TRACT;06037214902;06;037;2149.02;A2
TRACT;06037214903;06;037;2149.03;A2
TRACT;06037214904;06;037;2149.04;A2
TRACT;06037215101;06;037;2151.01;A2
TRACT;06037215102;06;037;2151.02;A2
TRACT;06037216100;06;037;2161.00;A2
TRACT;06037216201;06;037;2162.01;A2
TRACT;06037216202;06;037;2162.02;A2
TRACT;06037216301;06;037;2163.01;A2
TRACT;06037216302;06;037;2163.02;A2
TRACT;06037216401;06;037;2164.01;A2
TRACT;06037216402;06;037;2164.02;A2
TRACT;06037216700;06;037;2167.00;A2
TRACT;06037216800;06;037;2168.00;A2
TRACT;06037216901;06;037;2169.01;A2
TRACT;06037216902;06;037;2169.02;A2
TRACT;06037217001;06;037;2170.01;A2
TRACT;06037217002;06;037;2170.02;A2
TRACT;06037217101;06;037;2171.01;A2
TRACT;06037217102;06;037;2171.02;A2
TRACT;06037217200;06;037;2172.00;A2
TRACT;06037218110;06;037;2181.10;A2
TRACT;06037218120;06;037;2181.20;A2
TRACT;06037218210;06;037;2182.10;A2
TRACT;06037218220;06;037;2182.20;A2
TRACT;06037218300;06;037;2183.00;A2
TRACT;06037218400;06;037;2184.00;A2
TRACT;06037218500;06;037;2185.00;A2
TRACT;06037218600;06;037;2186.00;A2
TRACT;06037218701;06;037;2187.01;A2
TRACT;06037218702;06;037;2187.02;A2
TRACT;06037218800;06;037;2188.00;A2
TRACT;06037218900;06;037;2189.00;A2
TRACT;06037219010;06;037;2190.10;A2
TRACT;06037219020;06;037;2190.20;A2
TRACT;06037219300;06;037;2193.00;A2
TRACT;06037219500;06;037;2195.00;A2
TRACT;06037219700;06;037;2197.00;A2
TRACT;06037219800;06;037;2198.00;A2
TRACT;06037219901;06;037;2199.01;A2
TRACT;06037219902;06;037;2199.02;A2
TRACT;06037220000;06;037;2200.00;A2
TRACT;06037220100;06;037;2201.00;A2
TRACT;06037221110;06;037;2211.10;A2
TRACT;06037221120;06;037;2211.20;A2
TRACT;06037221210;06;037;2212.10;A2
TRACT;06037221220;06;037;2212.20;A2
TRACT;06037221302;06;037;2213.02;A2
TRACT;06037221303;06;037;2213.03;A2
TRACT;06037221304;06;037;2213.04;A2
TRACT;06037221401;06;037;2214.01;A2
TRACT;06037221402;06;037;2214.02;A2
TRACT;06037221500;06;037;2215.00;A2
TRACT;06037221601;06;037;2216.01;A2
TRACT;06037221602;06;037;2216.02;A2
TRACT;06037221710;06;037;2217.10;A2
TRACT;06037221810;06;037;2218.10;A2
TRACT;06037221820;06;037;2218.20;A2
TRACT;06037221900;06;037;2219.00;A2
TRACT;06037222001;06;037;2220.01;A2
TRACT;06037222002;06;037;2220.02;A2
TRACT;06037222100;06;037;2221.00;A2
TRACT;06037222200;06;037;2222.00;A2
TRACT;06037222500;06;037;2225.00;A2
TRACT;06037222600;06;037;2226.00;A2
TRACT;06037222700;06;037;2227.00;A2
TRACT;06037224010;06;037;2240.10;A2
TRACT;06037224020;06;037;2240.20;A2
TRACT;06037224200;06;037;2242.00;A2
TRACT;06037224310;06;037;2243.10;A2
TRACT;06037224320;06;037;2243.20;A2
TRACT;06037224410;06;037;2244.10;A2
TRACT;06037224420;06;037;2244.20;A2
TRACT;06037224600;06;037;2246.00;A2
TRACT;06037224701;06;037;2247.01;A2
TRACT;06037224702;06;037;2247.02;A2
TRACT;06037226001;06;037;2260.01;A2
TRACT;06037226002;06;037;2260.02;A2
TRACT;06037226410;06;037;2264.10;A2
TRACT;06037226420;06;037;2264.20;A2
TRACT;06037226701;06;037;2267.01;A2
TRACT;06037226702;06;037;2267.02;A2
TRACT;06037227010;06;037;2270.10;A2
TRACT;06037227020;06;037;2270.20;A2
TRACT;06037228100;06;037;2281.00;A2
TRACT;06037228210;06;037;2282.10;A2
TRACT;06037228220;06;037;2282.20;A2
TRACT;06037228310;06;037;2283.10;A2
TRACT;06037228320;06;037;2283.20;A2
TRACT;06037228410;06;037;2284.10;A2
TRACT;06037228420;06;037;2284.20;A2
TRACT;06037228500;06;037;2285.00;A2
TRACT;06037228600;06;037;2286.00;A2
TRACT;06037228710;06;037;2287.10;A2
TRACT;06037228720;06;037;2287.20;A2
TRACT;06037228800;06;037;2288.00;A2
TRACT;06037228900;06;037;2289.00;A2
TRACT;06037229100;06;037;2291.00;A2
TRACT;06037229200;06;037;2292.00;A2
TRACT;06037229300;06;037;2293.00;A2
TRACT;06037229410;06;037;2294.10;A2
TRACT;06037229420;06;037;2294.20;A2
TRACT;06037231100;06;037;2311.00;A2
TRACT;06037231210;06;037;2312.10;A2
TRACT;06037231220;06;037;2312.20;A2
TRACT;06037231301;06;037;2313.01;A2
TRACT;06037231302;06;037;2313.02;A2
TRACT;06037231400;06;037;2314.00;A2
TRACT;06037231500;06;037;2315.00;A2
TRACT;06037231601;06;037;2316.01;A2
TRACT;06037231602;06;037;2316.02;A2
TRACT;06037231603;06;037;2316.03;A2
TRACT;06037231710;06;037;2317.10;A2
TRACT;06037231720;06;037;2317.20;A2
TRACT;06037231800;06;037;2318.00;A2
TRACT;06037231901;06;037;2319.01;A2
TRACT;06037231902;06;037;2319.02;A2
TRACT;06037232110;06;037;2321.10;A2
TRACT;06037232120;06;037;2321.20;A2
TRACT;06037232200;06;037;2322.00;A2
TRACT;06037232300;06;037;2323.00;A2
TRACT;06037232401;06;037;2324.01;A2
TRACT;06037232402;06;037;2324.02;A2
TRACT;06037232500;06;037;2325.00;A2
TRACT;06037232601;06;037;2326.01;A2
TRACT;06037232602;06;037;2326.02;A2
TRACT;06037232701;06;037;2327.01;A2
TRACT;06037232702;06;037;2327.02;A2
TRACT;06037232800;06;037;2328.00;A2
TRACT;06037234001;06;037;2340.01;A2
TRACT;06037234002;06;037;2340.02;A2
TRACT;06037234200;06;037;2342.00;A2
TRACT;06037234301;06;037;2343.01;A2
TRACT;06037234302;06;037;2343.02;A2
TRACT;06037234501;06;037;2345.01;A2
TRACT;06037234502;06;037;2345.02;A2
TRACT;06037234600;06;037;2346.00;A2
TRACT;06037234700;06;037;2347.00;A2
TRACT;06037234800;06;037;2348.00;A2
TRACT;06037234901;06;037;2349.01;A2
TRACT;06037234902;06;037;2349.02;A2
TRACT;06037235100;06;037;2351.00;A2
TRACT;06037235201;06;037;2352.01;A2
TRACT;06037235202;06;037;2352.02;A2
TRACT;06037236001;06;037;2360.01;A2
TRACT;06037236101;06;037;2361.01;A2
TRACT;06037236102;06;037;2361.02;A2
TRACT;06037236203;06;037;2362.03;A2
TRACT;06037236204;06;037;2362.04;A2
TRACT;06037236205;06;037;2362.05;A2
TRACT;06037236206;06;037;2362.06;A2
TRACT;06037236400;06;037;2364.00;A2
TRACT;06037237101;06;037;2371.01;A2
TRACT;06037237102;06;037;2371.02;A2
TRACT;06037237201;06;037;2372.01;A2
TRACT;06037237202;06;037;2372.02;A2
TRACT;06037237300;06;037;2373.00;A2
TRACT;06037237401;06;037;2374.01;A2
TRACT;06037237402;06;037;2374.02;A2
TRACT;06037237500;06;037;2375.00;A2
TRACT;06037237600;06;037;2376.00;A2
TRACT;06037237710;06;037;2377.10;A2
TRACT;06037237720;06;037;2377.20;A2
TRACT;06037237800;06;037;2378.00;A2
TRACT;06037237900;06;037;2379.00;A2
TRACT;06037238000;06;037;2380.00;A2
TRACT;06037238100;06;037;2381.00;A2
TRACT;06037238200;06;037;2382.00;A2
TRACT;06037238310;06;037;2383.10;A2
TRACT;06037238320;06;037;2383.20;A2
TRACT;06037238400;06;037;2384.00;A2
TRACT;06037239201;06;037;2392.01;A2
TRACT;06037239202;06;037;2392.02;A2
TRACT;06037239310;06;037;2393.10;A2
TRACT;06037239320;06;037;2393.20;A2
TRACT;06037239330;06;037;2393.30;A2
TRACT;06037239501;06;037;2395.01;A2
TRACT;06037239502;06;037;2395.02;A2
TRACT;06037239601;06;037;2396.01;A2
TRACT;06037239602;06;037;2396.02;A2
TRACT;06037239701;06;037;2397.01;A2
TRACT;06037239702;06;037;2397.02;A2
TRACT;06037239801;06;037;2398.01;A2
TRACT;06037239802;06;037;2398.02;A2
TRACT;06037240010;06;037;2400.10;A2
TRACT;06037240020;06;037;2400.20;A2
TRACT;06037240200;06;037;2402.00;A2
TRACT;06037240301;06;037;2403.01;A2
TRACT;06037240302;06;037;2403.02;A2
TRACT;06037240401;06;037;2404.01;A2
TRACT;06037240402;06;037;2404.02;A2
TRACT;06037240500;06;037;2405.00;A2
TRACT;06037240600;06;037;2406.00;A2
TRACT;06037240700;06;037;2407.00;A2
TRACT;06037240800;06;037;2408.00;A2
TRACT;06037240901;06;037;2409.01;A2
TRACT;06037240902;06;037;2409.02;A2
TRACT;06037241001;06;037;2410.01;A2
TRACT;06037241002;06;037;2410.02;A2
TRACT;06037241110;06;037;2411.10;A2
TRACT;06037241120;06;037;2411.20;A2
TRACT;06037241201;06;037;2412.01;A2
TRACT;06037241202;06;037;2412.02;A2
TRACT;06037241300;06;037;2413.00;A2
TRACT;06037241400;06;037;2414.00;A2
TRACT;06037242000;06;037;2420.00;A2
TRACT;06037242100;06;037;2421.00;A2
TRACT;06037242201;06;037;2422.01;A2
TRACT;06037242202;06;037;2422.02;A2
TRACT;06037242300;06;037;2423.00;A2
TRACT;06037242600;06;037;2426.00;A2
TRACT;06037242700;06;037;2427.00;A2
TRACT;06037243001;06;037;2430.01;A2
TRACT;06037243002;06;037;2430.02;A2
TRACT;06037243100;06;037;2431.00;A2
TRACT;06037261102;06;037;2611.02;3
TRACT;06037261103;06;037;2611.03;A2
TRACT;06037261104;06;037;2611.04;3
TRACT;06037261200;06;037;2612.00;3
TRACT;06037262100;06;037;2621.00;3
TRACT;06037262200;06;037;2622.00;3
TRACT;06037262301;06;037;2623.01;3
TRACT;06037262302;06;037;2623.02;3
TRACT;06037262303;06;037;2623.03;3
TRACT;06037262400;06;037;2624.00;3
TRACT;06037262501;06;037;2625.01;3
TRACT;06037262601;06;037;2626.01;3
TRACT;06037262604;06;037;2626.04;3
TRACT;06037262704;06;037;2627.04;3
TRACT;06037262706;06;037;2627.06;3
TRACT;06037262802;06;037;2628.02;3
TRACT;06037264000;06;037;2640.00;A2
TRACT;06037264102;06;037;2641.02;A2
TRACT;06037264103;06;037;2641.03;A2
TRACT;06037264303;06;037;2643.03;A2
TRACT;06037264304;06;037;2643.04;A2
TRACT;06037264305;06;037;2643.05;A2
TRACT;06037264306;06;037;2643.06;A2
TRACT;06037265100;06;037;2651.00;A2
TRACT;06037265201;06;037;2652.01;A2
TRACT;06037265203;06;037;2652.03;A2
TRACT;06037265204;06;037;2652.04;A2
TRACT;06037265301;06;037;2653.01;A2
TRACT;06037265303;06;037;2653.03;A2
TRACT;06037265304;06;037;2653.04;A2
TRACT;06037265306;06;037;2653.06;A2
TRACT;06037265307;06;037;2653.07;A2
TRACT;06037265410;06;037;2654.10;A2
TRACT;06037265420;06;037;2654.20;A2
TRACT;06037265521;06;037;2655.21;A2
TRACT;06037265522;06;037;2655.22;A2
TRACT;06037265523;06;037;2655.23;A2
TRACT;06037265524;06;037;2655.24;A2
TRACT;06037265601;06;037;2656.01;A2
TRACT;06037265602;06;037;2656.02;A2
TRACT;06037265701;06;037;2657.01;A2
TRACT;06037265702;06;037;2657.02;A2
TRACT;06037267101;06;037;2671.01;A2
TRACT;06037267102;06;037;2671.02;A2
TRACT;06037267201;06;037;2672.01;A2
TRACT;06037267202;06;037;2672.02;A2
TRACT;06037267300;06;037;2673.00;A2
TRACT;06037267403;06;037;2674.03;A2
TRACT;06037267404;06;037;2674.04;A2
TRACT;06037267405;06;037;2674.05;A2
TRACT;06037267406;06;037;2674.06;A2
TRACT;06037267502;06;037;2675.02;A2
TRACT;06037267503;06;037;2675.03;A2
TRACT;06037267504;06;037;2675.04;A2
TRACT;06037267600;06;037;2676.00;A2
TRACT;06037267700;06;037;2677.00;A2
TRACT;06037267800;06;037;2678.00;A2
TRACT;06037267901;06;037;2679.01;A2
TRACT;06037267902;06;037;2679.02;A2
TRACT;06037269000;06;037;2690.00;A2
TRACT;06037269100;06;037;2691.00;A2
TRACT;06037269300;06;037;2693.00;A2
TRACT;06037269500;06;037;2695.00;A2
TRACT;06037269601;06;037;2696.01;A2
TRACT;06037269602;06;037;2696.02;A2
TRACT;06037269700;06;037;2697.00;A2
TRACT;06037269800;06;037;2698.00;A2
TRACT;06037269903;06;037;2699.03;A2
TRACT;06037269905;06;037;2699.05;A2
TRACT;06037269906;06;037;2699.06;A2
TRACT;06037269907;06;037;2699.07;A2
TRACT;06037269908;06;037;2699.08;A2
TRACT;06037269909;06;037;2699.09;A2
TRACT;06037270101;06;037;2701.01;A2
TRACT;06037270102;06;037;2701.02;A2
TRACT;06037270200;06;037;2702.00;A2
TRACT;06037270300;06;037;2703.00;A2
TRACT;06037271100;06;037;2711.00;A2
TRACT;06037271200;06;037;2712.00;A2
TRACT;06037271300;06;037;2713.00;A2
TRACT;06037271400;06;037;2714.00;A2
TRACT;06037271500;06;037;2715.00;A2
TRACT;06037271600;06;037;2716.00;A2
TRACT;06037271702;06;037;2717.02;A2
TRACT;06037271703;06;037;2717.03;A2
TRACT;06037271704;06;037;2717.04;A2
TRACT;06037271801;06;037;2718.01;A2
TRACT;06037271803;06;037;2718.03;A2
TRACT;06037271804;06;037;2718.04;A2
TRACT;06037271901;06;037;2719.01;A2
TRACT;06037271902;06;037;2719.02;A2
TRACT;06037272100;06;037;2721.00;A2
TRACT;06037272201;06;037;2722.01;A2
TRACT;06037272202;06;037;2722.02;A2
TRACT;06037272301;06;037;2723.01;A2
TRACT;06037272302;06;037;2723.02;A2
TRACT;06037273100;06;037;2731.00;A2
TRACT;06037273200;06;037;2732.00;A2
TRACT;06037273300;06;037;2733.00;A2
TRACT;06037273403;06;037;2734.03;A2
TRACT;06037273404;06;037;2734.04;A2
TRACT;06037273502;06;037;2735.02;A2
TRACT;06037273600;06;037;2736.00;A2
TRACT;06037273700;06;037;2737.00;A2
TRACT;06037273800;06;037;2738.00;A2
TRACT;06037273902;06;037;2739.02;A2
TRACT;06037274100;06;037;2741.00;A2
TRACT;06037274202;06;037;2742.02;3
TRACT;06037275101;06;037;2751.01;A2
TRACT;06037275102;06;037;2751.02;A2
TRACT;06037275200;06;037;2752.00;A2
TRACT;06037275311;06;037;2753.11;A2
TRACT;06037275312;06;037;2753.12;A2
TRACT;06037275313;06;037;2753.13;A2
TRACT;06037275400;06;037;2754.00;A2
TRACT;06037275500;06;037;2755.00;A2
TRACT;06037275603;06;037;2756.03;A2
TRACT;06037275604;06;037;2756.04;A2
TRACT;06037275605;06;037;2756.05;A2
TRACT;06037276000;06;037;2760.00;A2
TRACT;06037276101;06;037;2761.01;A2
TRACT;06037276102;06;037;2761.02;A2
TRACT;06037276400;06;037;2764.00;A2
TRACT;06037276500;06;037;2765.00;A2
TRACT;06037276601;06;037;2766.01;A2
TRACT;06037276605;06;037;2766.05;A2
TRACT;06037276606;06;037;2766.06;A2
TRACT;06037276607;06;037;2766.07;A2
TRACT;06037276608;06;037;2766.08;A2
TRACT;06037277000;06;037;2770.00;A2
TRACT;06037277100;06;037;2771.00;A2
TRACT;06037277200;06;037;2772.00;A2
TRACT;06037277400;06;037;2774.00;A2
TRACT;06037278001;06;037;2780.01;A2
TRACT;06037278102;06;037;2781.02;3
TRACT;06037291110;06;037;2911.10;A2
TRACT;06037291120;06;037;2911.20;A2
TRACT;06037291130;06;037;2911.30;A2
TRACT;06037291210;06;037;2912.10;A2
TRACT;06037291220;06;037;2912.20;A2
TRACT;06037291300;06;037;2913.00;A2
TRACT;06037292001;06;037;2920.01;3
TRACT;06037292002;06;037;2920.02;3
TRACT;06037293203;06;037;2932.03;3
TRACT;06037293204;06;037;2932.04;3
TRACT;06037293205;06;037;2932.05;3
TRACT;06037293206;06;037;2932.06;3
TRACT;06037293301;06;037;2933.01;3
TRACT;06037293302;06;037;2933.02;3
TRACT;06037293304;06;037;2933.04;3
TRACT;06037293306;06;037;2933.06;3
TRACT;06037293307;06;037;2933.07;3
TRACT;06037294110;06;037;2941.10;3
TRACT;06037294120;06;037;2941.20;3
TRACT;06037294200;06;037;2942.00;3
TRACT;06037294301;06;037;2943.01;3
TRACT;06037294302;06;037;2943.02;3
TRACT;06037294410;06;037;2944.10;3
TRACT;06037294421;06;037;2944.21;3
TRACT;06037294510;06;037;2945.10;3
TRACT;06037294520;06;037;2945.20;3
TRACT;06037294610;06;037;2946.10;3
TRACT;06037294620;06;037;2946.20;3
TRACT;06037294701;06;037;2947.01;3
TRACT;06037294810;06;037;2948.10;3
TRACT;06037294820;06;037;2948.20;3
TRACT;06037294830;06;037;2948.30;3
TRACT;06037294900;06;037;2949.00;3
TRACT;06037295103;06;037;2951.03;3
TRACT;06037296210;06;037;2962.10;3
TRACT;06037296220;06;037;2962.20;3
TRACT;06037296300;06;037;2963.00;3
TRACT;06037296401;06;037;2964.01;3
TRACT;06037296402;06;037;2964.02;3
TRACT;06037296500;06;037;2965.00;3
TRACT;06037296600;06;037;2966.00;3
TRACT;06037296901;06;037;2969.01;3
TRACT;06037296902;06;037;2969.02;3
TRACT;06037297001;06;037;2970.01;3
TRACT;06037297002;06;037;2970.02;3
TRACT;06037297110;06;037;2971.10;3
TRACT;06037297120;06;037;2971.20;3
TRACT;06037297201;06;037;2972.01;3
TRACT;06037297202;06;037;2972.02;3
TRACT;06037297300;06;037;2973.00;3
TRACT;06037297400;06;037;2974.00;3
TRACT;06037297501;06;037;2975.01;3
TRACT;06037297502;06;037;2975.02;3
TRACT;06037297601;06;037;2976.01;3
TRACT;06037297602;06;037;2976.02;3
TRACT;06037300100;06;037;3001.00;1
TRACT;06037300200;06;037;3002.00;1
TRACT;06037300301;06;037;3003.01;1
TRACT;06037300400;06;037;3004.00;1
TRACT;06037300501;06;037;3005.01;1
TRACT;06037300503;06;037;3005.03;1
TRACT;06037300601;06;037;3006.01;1
TRACT;06037300602;06;037;3006.02;1,3
TRACT;06037300701;06;037;3007.01;1,3
TRACT;06037300702;06;037;3007.02;A1
TRACT;06037300800;06;037;3008.00;1,3
TRACT;06037300901;06;037;3009.01;3,4
TRACT;06037300902;06;037;3009.02;A1
TRACT;06037301000;06;037;3010.00;A1
TRACT;06037301100;06;037;3011.00;A1
TRACT;06037301203;06;037;3012.03;A1
TRACT;06037301204;06;037;3012.04;A1
TRACT;06037301205;06;037;3012.05;A1
TRACT;06037301206;06;037;3012.06;A1
TRACT;06037301300;06;037;3013.00;A1
TRACT;06037301400;06;037;3014.00;A1
TRACT;06037301501;06;037;3015.01;A1
TRACT;06037301502;06;037;3015.02;A1
TRACT;06037301601;06;037;3016.01;A1
TRACT;06037301602;06;037;3016.02;A1
TRACT;06037301701;06;037;3017.01;A1
TRACT;06037301702;06;037;3017.02;A1
TRACT;06037301801;06;037;3018.01;A1
TRACT;06037301802;06;037;3018.02;A1
TRACT;06037301901;06;037;3019.01;A1
TRACT;06037301902;06;037;3019.02;A1
TRACT;06037302002;06;037;3020.02;A1
TRACT;06037302003;06;037;3020.03;A1
TRACT;06037302004;06;037;3020.04;A1
TRACT;06037302102;06;037;3021.02;A2
TRACT;06037302103;06;037;3021.03;A1,A2
TRACT;06037302104;06;037;3021.04;A1,A2
TRACT;06037302201;06;037;3022.01;A1,A2
TRACT;06037302202;06;037;3022.02;A2
TRACT;06037302301;06;037;3023.01;A1,A2
TRACT;06037302302;06;037;3023.02;A2
TRACT;06037302401;06;037;3024.01;A2
TRACT;06037302503;06;037;3025.03;A2
TRACT;06037302504;06;037;3025.04;A2
TRACT;06037302505;06;037;3025.05;A2
TRACT;06037302506;06;037;3025.06;A2
TRACT;06037310100;06;037;3101.00;1,3
TRACT;06037310201;06;037;3102.01;A1
TRACT;06037310202;06;037;3102.02;A1
TRACT;06037310300;06;037;3103.00;1,3
TRACT;06037310400;06;037;3104.00;1,3
TRACT;06037310501;06;037;3105.01;1,3
TRACT;06037310601;06;037;3106.01;1,3
TRACT;06037310602;06;037;3106.02;1,3
TRACT;06037310701;06;037;3107.01;A1
TRACT;06037310703;06;037;3107.03;A1
TRACT;06037310704;06;037;3107.04;A1
TRACT;06037310705;06;037;3107.05;A1
TRACT;06037310800;06;037;3108.00;A1
TRACT;06037310900;06;037;3109.00;3
TRACT;06037311000;06;037;3110.00;3
TRACT;06037311100;06;037;3111.00;3
TRACT;06037311200;06;037;3112.00;3
TRACT;06037311300;06;037;3113.00;3
TRACT;06037311400;06;037;3114.00;3
TRACT;06037311500;06;037;3115.00;A1
TRACT;06037311601;06;037;3116.01;A1
TRACT;06037311602;06;037;3116.02;A1,A2
TRACT;06037311700;06;037;3117.00;A1
TRACT;06037311801;06;037;3118.01;A1
TRACT;06037311802;06;037;3118.02;A1
TRACT;06037320101;06;037;3201.01;1
TRACT;06037320102;06;037;3201.02;1
TRACT;06037320201;06;037;3202.01;1
TRACT;06037320202;06;037;3202.02;1
TRACT;06037320300;06;037;3203.00;1
TRACT;06037400205;06;037;4002.05;4
TRACT;06037400206;06;037;4002.06;4
TRACT;06037400207;06;037;4002.07;4
TRACT;06037400208;06;037;4002.08;4
TRACT;06037400209;06;037;4002.09;4
TRACT;06037400304;06;037;4003.04;4
TRACT;06037400402;06;037;4004.02;4
TRACT;06037400403;06;037;4004.03;4
TRACT;06037400404;06;037;4004.04;4
TRACT;06037400501;06;037;4005.01;4
TRACT;06037400602;06;037;4006.02;4
TRACT;06037400603;06;037;4006.03;4
TRACT;06037400605;06;037;4006.05;4
TRACT;06037400801;06;037;4008.01;4
TRACT;06037401001;06;037;4010.01;4
TRACT;06037401002;06;037;4010.02;4
TRACT;06037401101;06;037;4011.01;4
TRACT;06037401102;06;037;4011.02;4
TRACT;06037401201;06;037;4012.01;4
TRACT;06037401202;06;037;4012.02;4
TRACT;06037401203;06;037;4012.03;4
TRACT;06037401303;06;037;4013.03;4
TRACT;06037401304;06;037;4013.04;4
TRACT;06037401311;06;037;4013.11;4
TRACT;06037401312;06;037;4013.12;4
TRACT;06037401500;06;037;4015.00;4
TRACT;06037401601;06;037;4016.01;4
TRACT;06037401602;06;037;4016.02;4
TRACT;06037401705;06;037;4017.05;4
TRACT;06037401706;06;037;4017.06;4
TRACT;06037401707;06;037;4017.07;4
TRACT;06037401801;06;037;4018.01;4
TRACT;06037401802;06;037;4018.02;4
TRACT;06037401901;06;037;4019.01;4
TRACT;06037401902;06;037;4019.02;4
TRACT;06037402001;06;037;4020.01;4
TRACT;06037402002;06;037;4020.02;4
TRACT;06037402101;06;037;4021.01;4
TRACT;06037402102;06;037;4021.02;4
TRACT;06037402200;06;037;4022.00;4
TRACT;06037402301;06;037;4023.01;4
TRACT;06037402303;06;037;4023.03;4
TRACT;06037402304;06;037;4023.04;4
TRACT;06037402403;06;037;4024.03;4
TRACT;06037402404;06;037;4024.04;4
TRACT;06037402405;06;037;4024.05;4
TRACT;06037402406;06;037;4024.06;4
TRACT;06037402501;06;037;4025.01;4
TRACT;06037402503;06;037;4025.03;4
TRACT;06037402504;06;037;4025.04;4
TRACT;06037402601;06;037;4026.01;4
TRACT;06037402602;06;037;4026.02;4
TRACT;06037402702;06;037;4027.02;4
TRACT;06037402703;06;037;4027.03;4
TRACT;06037402705;06;037;4027.05;4
TRACT;06037402706;06;037;4027.06;4
TRACT;06037402801;06;037;4028.01;4
TRACT;06037402803;06;037;4028.03;4
TRACT;06037402804;06;037;4028.04;4
TRACT;06037402902;06;037;4029.02;4
TRACT;06037402903;06;037;4029.03;4
TRACT;06037402904;06;037;4029.04;4
TRACT;06037403000;06;037;4030.00;4
TRACT;06037403305;06;037;4033.05;4
TRACT;06037403316;06;037;4033.16;4
TRACT;06037403317;06;037;4033.17;4
TRACT;06037403318;06;037;4033.18;4
TRACT;06037403319;06;037;4033.19;4
TRACT;06037403320;06;037;4033.20;4
TRACT;06037403321;06;037;4033.21;4
TRACT;06037403323;06;037;4033.23;4
TRACT;06037403324;06;037;4033.24;4
TRACT;06037403325;06;037;4033.25;4
TRACT;06037403326;06;037;4033.26;4
TRACT;06037403327;06;037;4033.27;4
TRACT;06037403328;06;037;4033.28;4
TRACT;06037403401;06;037;4034.01;4
TRACT;06037403402;06;037;4034.02;4
TRACT;06037403403;06;037;4034.03;4
TRACT;06037403404;06;037;4034.04;4
TRACT;06037403407;06;037;4034.07;4
TRACT;06037403408;06;037;4034.08;4
TRACT;06037403409;06;037;4034.09;4
TRACT;06037403500;06;037;4035.00;4
TRACT;06037403601;06;037;4036.01;4
TRACT;06037403702;06;037;4037.02;4
TRACT;06037403703;06;037;4037.03;4
TRACT;06037403721;06;037;4037.21;4
TRACT;06037403722;06;037;4037.22;4
TRACT;06037403801;06;037;4038.01;4
TRACT;06037403802;06;037;4038.02;4
TRACT;06037403901;06;037;4039.01;4
TRACT;06037403902;06;037;4039.02;4
TRACT;06037404000;06;037;4040.00;4
TRACT;06037404100;06;037;4041.00;4
TRACT;06037404201;06;037;4042.01;4
TRACT;06037404203;06;037;4042.03;4
TRACT;06037404301;06;037;4043.01;4
TRACT;06037404302;06;037;4043.02;4
TRACT;06037404401;06;037;4044.01;4
TRACT;06037404402;06;037;4044.02;4
TRACT;06037404501;06;037;4045.01;4
TRACT;06037404503;06;037;4045.03;4
TRACT;06037404504;06;037;4045.04;4
TRACT;06037404600;06;037;4046.00;4
TRACT;06037404701;06;037;4047.01;4
TRACT;06037404702;06;037;4047.02;4
TRACT;06037404703;06;037;4047.03;4
TRACT;06037404804;06;037;4048.04;4
TRACT;06037404805;06;037;4048.05;4
TRACT;06037404806;06;037;4048.06;4
TRACT;06037404901;06;037;4049.01;4
TRACT;06037404902;06;037;4049.02;4
TRACT;06037404903;06;037;4049.03;4
TRACT;06037405001;06;037;4050.01;4
TRACT;06037405002;06;037;4050.02;4
TRACT;06037405101;06;037;4051.01;4
TRACT;06037405102;06;037;4051.02;4
TRACT;06037405201;06;037;4052.01;4
TRACT;06037405202;06;037;4052.02;4
TRACT;06037405203;06;037;4052.03;4
TRACT;06037405301;06;037;4053.01;4
TRACT;06037405302;06;037;4053.02;4
TRACT;06037405400;06;037;4054.00;4
TRACT;06037405500;06;037;4055.00;4
TRACT;06037405600;06;037;4056.00;4
TRACT;06037405701;06;037;4057.01;4
TRACT;06037405702;06;037;4057.02;4
TRACT;06037405800;06;037;4058.00;4
TRACT;06037405900;06;037;4059.00;4
TRACT;06037406000;06;037;4060.00;4
TRACT;06037406101;06;037;4061.01;4
TRACT;06037406103;06;037;4061.03;4
TRACT;06037406201;06;037;4062.01;4
TRACT;06037406300;06;037;4063.00;4
TRACT;06037406413;06;037;4064.13;4
TRACT;06037406500;06;037;4065.00;4
TRACT;06037406601;06;037;4066.01;4
TRACT;06037406602;06;037;4066.02;4
TRACT;06037406701;06;037;4067.01;4
TRACT;06037406702;06;037;4067.02;4
TRACT;06037406801;06;037;4068.01;4
TRACT;06037406903;06;037;4069.03;4
TRACT;06037407001;06;037;4070.01;4
TRACT;06037407002;06;037;4070.02;4
TRACT;06037407101;06;037;4071.01;4
TRACT;06037407102;06;037;4071.02;4
TRACT;06037407201;06;037;4072.01;4
TRACT;06037407202;06;037;4072.02;4
TRACT;06037407301;06;037;4073.01;4
TRACT;06037407302;06;037;4073.02;4
TRACT;06037407400;06;037;4074.00;4
TRACT;06037407501;06;037;4075.01;4
TRACT;06037407502;06;037;4075.02;4
TRACT;06037407601;06;037;4076.01;4
TRACT;06037407602;06;037;4076.02;4
TRACT;06037407701;06;037;4077.01;4
TRACT;06037407702;06;037;4077.02;4
TRACT;06037407801;06;037;4078.01;4
TRACT;06037407802;06;037;4078.02;4
TRACT;06037407901;06;037;4079.01;4
TRACT;06037407902;06;037;4079.02;4
TRACT;06037408003;06;037;4080.03;4
TRACT;06037408004;06;037;4080.04;4
TRACT;06037408005;06;037;4080.05;4
TRACT;06037408006;06;037;4080.06;4
TRACT;06037408133;06;037;4081.33;4
TRACT;06037408134;06;037;4081.34;4
TRACT;06037408135;06;037;4081.35;4
TRACT;06037408136;06;037;4081.36;4
TRACT;06037408137;06;037;4081.37;4
TRACT;06037408138;06;037;4081.38;4
TRACT;06037408139;06;037;4081.39;4
TRACT;06037408140;06;037;4081.40;4
TRACT;06037408141;06;037;4081.41;4
TRACT;06037408212;06;037;4082.12;4
TRACT;06037408213;06;037;4082.13;4
TRACT;06037408301;06;037;4083.01;4
TRACT;06037408302;06;037;4083.02;4
TRACT;06037408303;06;037;4083.03;4
TRACT;06037408401;06;037;4084.01;4
TRACT;06037408402;06;037;4084.02;4
TRACT;06037408503;06;037;4085.03;4
TRACT;06037408504;06;037;4085.04;4
TRACT;06037408505;06;037;4085.05;4
TRACT;06037408623;06;037;4086.23;4
TRACT;06037408624;06;037;4086.24;4
TRACT;06037408625;06;037;4086.25;4
TRACT;06037408626;06;037;4086.26;4
TRACT;06037408627;06;037;4086.27;4
TRACT;06037408628;06;037;4086.28;4
TRACT;06037408629;06;037;4086.29;4
TRACT;06037408631;06;037;4086.31;4
TRACT;06037408703;06;037;4087.03;4
TRACT;06037408705;06;037;4087.05;4
TRACT;06037408707;06;037;4087.07;4
TRACT;06037408722;06;037;4087.22;4
TRACT;06037408724;06;037;4087.24;4
TRACT;06037408725;06;037;4087.25;4
TRACT;06037408800;06;037;4088.00;4
TRACT;06037408900;06;037;4089.00;4
TRACT;06037409000;06;037;4090.00;4
TRACT;06037409100;06;037;4091.00;4
TRACT;06037430003;06;037;4300.03;4
TRACT;06037430004;06;037;4300.04;4
TRACT;06037430005;06;037;4300.05;4
TRACT;06037430101;06;037;4301.01;4
TRACT;06037430102;06;037;4301.02;4
TRACT;06037430200;06;037;4302.00;4
TRACT;06037430301;06;037;4303.01;4
TRACT;06037430302;06;037;4303.02;4
TRACT;06037430400;06;037;4304.00;4
TRACT;06037430501;06;037;4305.01;4
TRACT;06037430502;06;037;4305.02;4
TRACT;06037430600;06;037;4306.00;4
TRACT;06037430701;06;037;4307.01;4
TRACT;06037430721;06;037;4307.21;4
TRACT;06037430723;06;037;4307.23;4
TRACT;06037430724;06;037;4307.24;4
TRACT;06037430801;06;037;4308.01;4
TRACT;06037430802;06;037;4308.02;4
TRACT;06037430803;06;037;4308.03;4
TRACT;06037430901;06;037;4309.01;4
TRACT;06037430902;06;037;4309.02;4
TRACT;06037431002;06;037;4310.02;4
TRACT;06037431003;06;037;4310.03;4
TRACT;06037431004;06;037;4310.04;4
TRACT;06037431100;06;037;4311.00;4
TRACT;06037431200;06;037;4312.00;4
TRACT;06037431300;06;037;4313.00;4
TRACT;06037431400;06;037;4314.00;4
TRACT;06037431501;06;037;4315.01;4
TRACT;06037431502;06;037;4315.02;4
TRACT;06037431600;06;037;4316.00;4
TRACT;06037431701;06;037;4317.01;4
TRACT;06037431800;06;037;4318.00;4
TRACT;06037431900;06;037;4319.00;4
TRACT;06037432001;06;037;4320.01;4
TRACT;06037432002;06;037;4320.02;4
TRACT;06037432101;06;037;4321.01;4
TRACT;06037432102;06;037;4321.02;4
TRACT;06037432201;06;037;4322.01;A3
TRACT;06037432202;06;037;4322.02;4
TRACT;06037432300;06;037;4323.00;4
TRACT;06037432401;06;037;4324.01;4
TRACT;06037432402;06;037;4324.02;4
TRACT;06037432501;06;037;4325.01;4
TRACT;06037432502;06;037;4325.02;4
TRACT;06037432601;06;037;4326.01;4
TRACT;06037432602;06;037;4326.02;4
TRACT;06037432700;06;037;4327.00;4
TRACT;06037432801;06;037;4328.01;4
TRACT;06037432802;06;037;4328.02;4
TRACT;06037432901;06;037;4329.01;4
TRACT;06037432902;06;037;4329.02;4
TRACT;06037433103;06;037;4331.03;4
TRACT;06037433200;06;037;4332.00;4
TRACT;06037433302;06;037;4333.02;4
TRACT;06037433304;06;037;4333.04;4
TRACT;06037433305;06;037;4333.05;4
TRACT;06037433306;06;037;4333.06;4
TRACT;06037433307;06;037;4333.07;4
TRACT;06037433402;06;037;4334.02;4
TRACT;06037433403;06;037;4334.03;4
TRACT;06037433505;06;037;4335.05;4
TRACT;06037433506;06;037;4335.06;4
TRACT;06037433601;06;037;4336.01;A3
TRACT;06037433602;06;037;4336.02;A3
TRACT;06037433803;06;037;4338.03;4
TRACT;06037433804;06;037;4338.04;4
TRACT;06037433901;06;037;4339.01;4
TRACT;06037433903;06;037;4339.03;4
TRACT;06037434001;06;037;4340.01;4
TRACT;06037434003;06;037;4340.03;4
TRACT;06037434004;06;037;4340.04;4
TRACT;06037434100;06;037;4341.00;4
TRACT;06037460001;06;037;4600.01;4
TRACT;06037460002;06;037;4600.02;4
TRACT;06037460101;06;037;4601.01;2,4
TRACT;06037460200;06;037;4602.00;2,4
TRACT;06037460301;06;037;4603.01;2,4
TRACT;06037460302;06;037;4603.02;2,4
TRACT;06037460401;06;037;4604.01;1,2,4
TRACT;06037460501;06;037;4605.01;1,2,4
TRACT;06037460502;06;037;4605.02;1,2,4
TRACT;06037460601;06;037;4606.01;1
TRACT;06037460700;06;037;4607.00;1,2,3,4
TRACT;06037460800;06;037;4608.00;4
TRACT;06037460900;06;037;4609.00;4
TRACT;06037461000;06;037;4610.00;4
TRACT;06037461100;06;037;4611.00;4
TRACT;06037461200;06;037;4612.00;4
TRACT;06037461300;06;037;4613.00;4
TRACT;06037461400;06;037;4614.00;4
TRACT;06037461501;06;037;4615.01;4
TRACT;06037461502;06;037;4615.02;4
TRACT;06037461600;06;037;4616.00;4
TRACT;06037461700;06;037;4617.00;4
TRACT;06037461901;06;037;4619.01;4
TRACT;06037461902;06;037;4619.02;4
TRACT;06037462001;06;037;4620.01;4
TRACT;06037462002;06;037;4620.02;4
TRACT;06037462100;06;037;4621.00;4
TRACT;06037462201;06;037;4622.01;4
TRACT;06037462202;06;037;4622.02;4
TRACT;06037462301;06;037;4623.01;4
TRACT;06037462302;06;037;4623.02;4
TRACT;06037462400;06;037;4624.00;4
TRACT;06037462500;06;037;4625.00;4
TRACT;06037462600;06;037;4626.00;4
TRACT;06037462700;06;037;4627.00;4
TRACT;06037462800;06;037;4628.00;4
TRACT;06037462900;06;037;4629.00;4
TRACT;06037463000;06;037;4630.00;4
TRACT;06037463103;06;037;4631.03;4
TRACT;06037463200;06;037;4632.00;4
TRACT;06037463300;06;037;4633.00;4
TRACT;06037463400;06;037;4634.00;4
TRACT;06037463500;06;037;4635.00;4
TRACT;06037463601;06;037;4636.01;4
TRACT;06037463602;06;037;4636.02;4
TRACT;06037463700;06;037;4637.00;A1,A2
TRACT;06037463800;06;037;4638.00;A1,A2
TRACT;06037463900;06;037;4639.00;A2
TRACT;06037464000;06;037;4640.00;A2,A3
TRACT;06037464101;06;037;4641.01;4
TRACT;06037464102;06;037;4641.02;A3
TRACT;06037464200;06;037;4642.00;4
TRACT;06037480002;06;037;4800.02;4
TRACT;06037480011;06;037;4800.11;4
TRACT;06037480012;06;037;4800.12;4
TRACT;06037480101;06;037;4801.01;4
TRACT;06037480102;06;037;4801.02;A3
TRACT;06037480201;06;037;4802.01;A3
TRACT;06037480202;06;037;4802.02;A3
TRACT;06037480302;06;037;4803.02;A3
TRACT;06037480303;06;037;4803.03;A3
TRACT;06037480304;06;037;4803.04;A3
TRACT;06037480400;06;037;4804.00;A3
TRACT;06037480500;06;037;4805.00;A2,A3
TRACT;06037480601;06;037;4806.01;A2,A3
TRACT;06037480602;06;037;4806.02;A2
TRACT;06037480702;06;037;4807.02;A2
TRACT;06037480703;06;037;4807.03;A2
TRACT;06037480704;06;037;4807.04;A2
TRACT;06037480802;06;037;4808.02;A2
TRACT;06037480803;06;037;4808.03;A2
TRACT;06037480804;06;037;4808.04;A2,A3
TRACT;06037480901;06;037;4809.01;A2,A3
TRACT;06037480902;06;037;4809.02;A2,A3
TRACT;06037480903;06;037;4809.03;A2,A3
TRACT;06037481001;06;037;4810.01;A3
TRACT;06037481002;06;037;4810.02;A3
TRACT;06037481101;06;037;4811.01;A3
TRACT;06037481102;06;037;4811.02;A3
TRACT;06037481103;06;037;4811.03;A3
TRACT;06037481201;06;037;4812.01;4
TRACT;06037481203;06;037;4812.03;4
TRACT;06037481300;06;037;4813.00;A3
TRACT;06037481401;06;037;4814.01;A3
TRACT;06037481403;06;037;4814.03;A3
TRACT;06037481404;06;037;4814.04;A3
TRACT;06037481500;06;037;4815.00;A3
TRACT;06037481603;06;037;4816.03;A3
TRACT;06037481604;06;037;4816.04;A3
TRACT;06037481605;06;037;4816.05;A3
TRACT;06037481606;06;037;4816.06;A3
TRACT;06037481711;06;037;4817.11;A3
TRACT;06037481712;06;037;4817.12;A3
TRACT;06037481713;06;037;4817.13;A3
TRACT;06037481714;06;037;4817.14;A3
TRACT;06037481800;06;037;4818.00;A2,A3
TRACT;06037481901;06;037;4819.01;A2
TRACT;06037481902;06;037;4819.02;A2
TRACT;06037482001;06;037;4820.01;A2
TRACT;06037482002;06;037;4820.02;A2,A3
TRACT;06037482101;06;037;4821.01;A2,A3
TRACT;06037482102;06;037;4821.02;A3
TRACT;06037482201;06;037;4822.01;A3
TRACT;06037482202;06;037;4822.02;A3
TRACT;06037482301;06;037;4823.01;A3
TRACT;06037482303;06;037;4823.03;A3
TRACT;06037482304;06;037;4823.04;A3
TRACT;06037482401;06;037;4824.01;A3
TRACT;06037482403;06;037;4824.03;A3
TRACT;06037482404;06;037;4824.04;A3
TRACT;06037482502;06;037;4825.02;A3
TRACT;06037482503;06;037;4825.03;A3
TRACT;06037482521;06;037;4825.21;A3
TRACT;06037482522;06;037;4825.22;A3
TRACT;06037482600;06;037;4826.00;A3
TRACT;06037482701;06;037;4827.01;A2,A3
TRACT;06037482702;06;037;4827.02;A3
TRACT;06037482801;06;037;4828.01;A3
TRACT;06037500100;06;037;5001.00;4
TRACT;06037500202;06;037;5002.02;4
TRACT;06037500203;06;037;5002.03;4
TRACT;06037500204;06;037;5002.04;4
TRACT;06037500300;06;037;5003.00;4
TRACT;06037500402;06;037;5004.02;A3
TRACT;06037500403;06;037;5004.03;4
TRACT;06037500404;06;037;5004.04;A3
TRACT;06037500500;06;037;5005.00;A3
TRACT;06037500600;06;037;5006.00;A3
TRACT;06037500700;06;037;5007.00;A3
TRACT;06037500800;06;037;5008.00;A3
TRACT;06037500900;06;037;5009.00;A3
TRACT;06037501001;06;037;5010.01;A3
TRACT;06037501002;06;037;5010.02;4
TRACT;06037501200;06;037;5012.00;4
TRACT;06037501301;06;037;5013.01;4
TRACT;06037501302;06;037;5013.02;4
TRACT;06037501400;06;037;5014.00;4
TRACT;06037501501;06;037;5015.01;4
TRACT;06037501503;06;037;5015.03;4
TRACT;06037501504;06;037;5015.04;4
TRACT;06037501600;06;037;5016.00;4
TRACT;06037501700;06;037;5017.00;4
TRACT;06037501802;06;037;5018.02;4
TRACT;06037501803;06;037;5018.03;4
TRACT;06037501804;06;037;5018.04;4
TRACT;06037501900;06;037;5019.00;4
TRACT;06037502003;06;037;5020.03;4
TRACT;06037502004;06;037;5020.04;4
TRACT;06037502005;06;037;5020.05;4
TRACT;06037502100;06;037;5021.00;4
TRACT;06037502200;06;037;5022.00;4
TRACT;06037502303;06;037;5023.03;A3
TRACT;06037502401;06;037;5024.01;A3
TRACT;06037502402;06;037;5024.02;A3
TRACT;06037502500;06;037;5025.00;A3
TRACT;06037502602;06;037;5026.02;A3
TRACT;06037502603;06;037;5026.03;A3
TRACT;06037502604;06;037;5026.04;A3
TRACT;06037502700;06;037;5027.00;4
TRACT;06037502801;06;037;5028.01;A3
TRACT;06037502901;06;037;5029.01;4
TRACT;06037503000;06;037;5030.00;4
TRACT;06037503103;06;037;5031.03;4
TRACT;06037503104;06;037;5031.04;4
TRACT;06037503105;06;037;5031.05;4
TRACT;06037503106;06;037;5031.06;4
TRACT;06037503201;06;037;5032.01;4
TRACT;06037503202;06;037;5032.02;4
TRACT;06037503301;06;037;5033.01;4
TRACT;06037503302;06;037;5033.02;4
TRACT;06037503401;06;037;5034.01;4
TRACT;06037503402;06;037;5034.02;4
TRACT;06037503501;06;037;5035.01;4
TRACT;06037503502;06;037;5035.02;4
TRACT;06037503601;06;037;5036.01;4
TRACT;06037503602;06;037;5036.02;4
TRACT;06037503701;06;037;5037.01;4
TRACT;06037503702;06;037;5037.02;4
TRACT;06037503704;06;037;5037.04;4
TRACT;06037503705;06;037;5037.05;4
TRACT;06037503801;06;037;5038.01;4
TRACT;06037503802;06;037;5038.02;4
TRACT;06037503901;06;037;5039.01;4
TRACT;06037503902;06;037;5039.02;4
TRACT;06037504001;06;037;5040.01;4
TRACT;06037504002;06;037;5040.02;4
TRACT;06037504101;06;037;5041.01;4
TRACT;06037504200;06;037;5042.00;4
TRACT;06037530005;06;037;5300.05;A3
TRACT;06037530006;06;037;5300.06;A3
TRACT;06037530007;06;037;5300.07;A3
TRACT;06037530101;06;037;5301.01;A3
TRACT;06037530102;06;037;5301.02;A3
TRACT;06037530202;06;037;5302.02;A2,A3
TRACT;06037530203;06;037;5302.03;A3
TRACT;06037530204;06;037;5302.04;A3
TRACT;06037530301;06;037;5303.01;A2
TRACT;06037530302;06;037;5303.02;A2,A3
TRACT;06037530400;06;037;5304.00;A2
TRACT;06037530500;06;037;5305.00;A2
TRACT;06037530603;06;037;5306.03;A2
TRACT;06037530700;06;037;5307.00;A2
TRACT;06037530801;06;037;5308.01;A2
TRACT;06037530802;06;037;5308.02;A2
TRACT;06037530901;06;037;5309.01;A2
TRACT;06037530902;06;037;5309.02;A2
TRACT;06037531000;06;037;5310.00;A2
TRACT;06037531101;06;037;5311.01;A2
TRACT;06037531102;06;037;5311.02;A2
TRACT;06037531201;06;037;5312.01;A2
TRACT;06037531202;06;037;5312.02;A2
TRACT;06037531301;06;037;5313.01;A2
TRACT;06037531302;06;037;5313.02;A2
TRACT;06037531502;06;037;5315.02;A2
TRACT;06037531503;06;037;5315.03;A2
TRACT;06037531504;06;037;5315.04;A2
TRACT;06037531602;06;037;5316.02;A2
TRACT;06037531603;06;037;5316.03;A2
TRACT;06037531604;06;037;5316.04;A2
TRACT;06037531701;06;037;5317.01;A2
TRACT;06037531702;06;037;5317.02;A2
TRACT;06037531800;06;037;5318.00;A2,A3
TRACT;06037531901;06;037;5319.01;A2,A3
TRACT;06037531902;06;037;5319.02;A3
TRACT;06037532001;06;037;5320.01;A3
TRACT;06037532002;06;037;5320.02;A3
TRACT;06037532101;06;037;5321.01;A3
TRACT;06037532102;06;037;5321.02;A3
TRACT;06037532200;06;037;5322.00;A3
TRACT;06037532302;06;037;5323.02;A2
TRACT;06037532303;06;037;5323.03;A2,A3
TRACT;06037532304;06;037;5323.04;A2,A3
TRACT;06037532500;06;037;5325.00;A2
TRACT;06037532605;06;037;5326.05;A2
TRACT;06037532606;06;037;5326.06;A2
TRACT;06037532607;06;037;5326.07;A2
TRACT;06037532700;06;037;5327.00;A2
TRACT;06037532800;06;037;5328.00;A2
TRACT;06037532900;06;037;5329.00;A2
TRACT;06037533001;06;037;5330.01;A2
TRACT;06037533002;06;037;5330.02;A2
TRACT;06037533103;06;037;5331.03;A2
TRACT;06037533104;06;037;5331.04;A2
TRACT;06037533105;06;037;5331.05;A2
TRACT;06037533108;06;037;5331.08;A2
TRACT;06037533201;06;037;5332.01;A2
TRACT;06037533204;06;037;5332.04;A2
TRACT;06037533300;06;037;5333.00;A2
TRACT;06037533401;06;037;5334.01;A2
TRACT;06037533402;06;037;5334.02;A2
TRACT;06037533403;06;037;5334.03;A2
TRACT;06037533501;06;037;5335.01;A2
TRACT;06037533504;06;037;5335.04;A2
TRACT;06037533601;06;037;5336.01;A2
TRACT;06037533602;06;037;5336.02;A2
TRACT;06037533603;06;037;5336.03;A2
TRACT;06037533701;06;037;5337.01;A2
TRACT;06037533702;06;037;5337.02;A2
TRACT;06037533703;06;037;5337.03;A2
TRACT;06037533803;06;037;5338.03;A2
TRACT;06037533804;06;037;5338.04;A2
TRACT;06037533805;06;037;5338.05;A2
TRACT;06037533806;06;037;5338.06;A2
TRACT;06037533901;06;037;5339.01;A2
TRACT;06037533902;06;037;5339.02;A2
TRACT;06037534001;06;037;5340.01;A2,A3
TRACT;06037534002;06;037;5340.02;A2,A3
TRACT;06037534101;06;037;5341.01;A2
TRACT;06037534102;06;037;5341.02;A2
TRACT;06037534201;06;037;5342.01;A2
TRACT;06037534202;06;037;5342.02;A2
TRACT;06037534203;06;037;5342.03;A2,A3
TRACT;06037534301;06;037;5343.01;A2
TRACT;06037534302;06;037;5343.02;A2
TRACT;06037534403;06;037;5344.03;A2
TRACT;06037534404;06;037;5344.04;A2
TRACT;06037534405;06;037;5344.05;A2
TRACT;06037534406;06;037;5344.06;A2
TRACT;06037534501;06;037;5345.01;A2
TRACT;06037534502;06;037;5345.02;A2
TRACT;06037534700;06;037;5347.00;A2
TRACT;06037534802;06;037;5348.02;A2
TRACT;06037534803;06;037;5348.03;A2
TRACT;06037534804;06;037;5348.04;A2
TRACT;06037534900;06;037;5349.00;A2
TRACT;06037535001;06;037;5350.01;A2
TRACT;06037535002;06;037;5350.02;A2
TRACT;06037535101;06;037;5351.01;A2
TRACT;06037535102;06;037;5351.02;A2
TRACT;06037535200;06;037;5352.00;A2
TRACT;06037535300;06;037;5353.00;A2
TRACT;06037535400;06;037;5354.00;A2
TRACT;06037535501;06;037;5355.01;A2
TRACT;06037535502;06;037;5355.02;A2
TRACT;06037535503;06;037;5355.03;A2
TRACT;06037535603;06;037;5356.03;A2
TRACT;06037535604;06;037;5356.04;A2
TRACT;06037535605;06;037;5356.05;A2
TRACT;06037535606;06;037;5356.06;A2
TRACT;06037535607;06;037;5356.07;A2
TRACT;06037535701;06;037;5357.01;A2
TRACT;06037535702;06;037;5357.02;A2
TRACT;06037535802;06;037;5358.02;A2
TRACT;06037535803;06;037;5358.03;A2
TRACT;06037535804;06;037;5358.04;A2
TRACT;06037535901;06;037;5359.01;A2
TRACT;06037535902;06;037;5359.02;A2
TRACT;06037536000;06;037;5360.00;A2
TRACT;06037536102;06;037;5361.02;A2
TRACT;06037536103;06;037;5361.03;A2
TRACT;06037536104;06;037;5361.04;A2
TRACT;06037536201;06;037;5362.01;A2
TRACT;06037536202;06;037;5362.02;A2
TRACT;06037540000;06;037;5400.00;A2
TRACT;06037540101;06;037;5401.01;A2
TRACT;06037540102;06;037;5401.02;A2
TRACT;06037540201;06;037;5402.01;A2
TRACT;06037540202;06;037;5402.02;A2
TRACT;06037540203;06;037;5402.03;A2
TRACT;06037540300;06;037;5403.00;A2
TRACT;06037540400;06;037;5404.00;A2
TRACT;06037540501;06;037;5405.01;A2
TRACT;06037540502;06;037;5405.02;A2
TRACT;06037540600;06;037;5406.00;A2
TRACT;06037540700;06;037;5407.00;A2
TRACT;06037540800;06;037;5408.00;A2
TRACT;06037540901;06;037;5409.01;A2
TRACT;06037540902;06;037;5409.02;A2
TRACT;06037541003;06;037;5410.03;A2
TRACT;06037541100;06;037;5411.00;A2
TRACT;06037541200;06;037;5412.00;A2
TRACT;06037541300;06;037;5413.00;A2
TRACT;06037541401;06;037;5414.01;A2
TRACT;06037541402;06;037;5414.02;A2
TRACT;06037541500;06;037;5415.00;A2
TRACT;06037541603;06;037;5416.03;A2
TRACT;06037541604;06;037;5416.04;A2
TRACT;06037541605;06;037;5416.05;A2
TRACT;06037541606;06;037;5416.06;A2
TRACT;06037541700;06;037;5417.00;A2
TRACT;06037541801;06;037;5418.01;A2
TRACT;06037541802;06;037;5418.02;A2
TRACT;06037542000;06;037;5420.00;A2
TRACT;06037542103;06;037;5421.03;A2
TRACT;06037542104;06;037;5421.04;A2
TRACT;06037542105;06;037;5421.05;A2
TRACT;06037542106;06;037;5421.06;A2
TRACT;06037542200;06;037;5422.00;A2
TRACT;06037542401;06;037;5424.01;A2
TRACT;06037542402;06;037;5424.02;A2
TRACT;06037542501;06;037;5425.01;A2
TRACT;06037542502;06;037;5425.02;A2
TRACT;06037542601;06;037;5426.01;A2
TRACT;06037542602;06;037;5426.02;A2
TRACT;06037542700;06;037;5427.00;A2
TRACT;06037542800;06;037;5428.00;A2
TRACT;06037542900;06;037;5429.00;A2
TRACT;06037543000;06;037;5430.00;A2
TRACT;06037543100;06;037;5431.00;A2
TRACT;06037543201;06;037;5432.01;A2
TRACT;06037543203;06;037;5432.03;A2
TRACT;06037543304;06;037;5433.04;A2
TRACT;06037543305;06;037;5433.05;A2
TRACT;06037543306;06;037;5433.06;3
TRACT;06037543321;06;037;5433.21;A2
TRACT;06037543322;06;037;5433.22;A2
TRACT;06037543400;06;037;5434.00;3
TRACT;06037543501;06;037;5435.01;3
TRACT;06037543502;06;037;5435.02;3
TRACT;06037543503;06;037;5435.03;3
TRACT;06037543601;06;037;5436.01;3
TRACT;06037543603;06;037;5436.03;3
TRACT;06037543605;06;037;5436.05;3
TRACT;06037543606;06;037;5436.06;3
TRACT;06037543607;06;037;5436.07;3
TRACT;06037543701;06;037;5437.01;3
TRACT;06037543703;06;037;5437.03;3
TRACT;06037543704;06;037;5437.04;3
TRACT;06037543705;06;037;5437.05;3
TRACT;06037543801;06;037;5438.01;3
TRACT;06037543803;06;037;5438.03;3
TRACT;06037543804;06;037;5438.04;3
TRACT;06037543903;06;037;5439.03;3
TRACT;06037543905;06;037;5439.05;3
TRACT;06037544001;06;037;5440.01;3
TRACT;06037544002;06;037;5440.02;3
TRACT;06037550101;06;037;5501.01;A3
TRACT;06037550201;06;037;5502.01;A3
TRACT;06037550202;06;037;5502.02;A3
TRACT;06037550301;06;037;5503.01;A3
TRACT;06037550501;06;037;5505.01;A3
TRACT;06037550502;06;037;5505.02;A3
TRACT;06037550601;06;037;5506.01;A3
TRACT;06037550602;06;037;5506.02;A3
TRACT;06037550700;06;037;5507.00;A3
TRACT;06037550801;06;037;5508.01;A2,A3
TRACT;06037550802;06;037;5508.02;A2,A3
TRACT;06037550901;06;037;5509.01;A3
TRACT;06037550902;06;037;5509.02;A3
TRACT;06037551001;06;037;5510.01;A3
TRACT;06037551002;06;037;5510.02;A3
TRACT;06037551101;06;037;5511.01;A3
TRACT;06037551102;06;037;5511.02;A3
TRACT;06037551201;06;037;5512.01;A2,A3
TRACT;06037551203;06;037;5512.03;A2,A3
TRACT;06037551204;06;037;5512.04;A3
TRACT;06037551300;06;037;5513.00;A3
TRACT;06037551401;06;037;5514.01;A2
TRACT;06037551402;06;037;5514.02;A2,A3
TRACT;06037551501;06;037;5515.01;A2
TRACT;06037551502;06;037;5515.02;A2,A3
TRACT;06037551700;06;037;5517.00;A2,A3
TRACT;06037551801;06;037;5518.01;A3
TRACT;06037551802;06;037;5518.02;A3
TRACT;06037551900;06;037;5519.00;A3
TRACT;06037552001;06;037;5520.01;A3
TRACT;06037552002;06;037;5520.02;A3
TRACT;06037552100;06;037;5521.00;A3
TRACT;06037552200;06;037;5522.00;A3
TRACT;06037552301;06;037;5523.01;4
TRACT;06037552302;06;037;5523.02;4
TRACT;06037552400;06;037;5524.00;4
TRACT;06037552601;06;037;5526.01;A3
TRACT;06037552602;06;037;5526.02;A3
TRACT;06037552700;06;037;5527.00;A3
TRACT;06037552800;06;037;5528.00;A3
TRACT;06037552900;06;037;5529.00;A3
TRACT;06037553000;06;037;5530.00;A3
TRACT;06037553100;06;037;5531.00;A3
TRACT;06037553201;06;037;5532.01;A3
TRACT;06037553202;06;037;5532.02;A3
TRACT;06037553300;06;037;5533.00;A3
TRACT;06037553400;06;037;5534.00;A2,A3
TRACT;06037553502;06;037;5535.02;A2,A3
TRACT;06037553503;06;037;5535.03;A2
TRACT;06037553504;06;037;5535.04;A2
TRACT;06037553601;06;037;5536.01;A2
TRACT;06037553602;06;037;5536.02;A2
TRACT;06037553701;06;037;5537.01;A2
TRACT;06037553702;06;037;5537.02;A2
TRACT;06037553801;06;037;5538.01;A2
TRACT;06037553802;06;037;5538.02;A2
TRACT;06037553901;06;037;5539.01;A2,A3
TRACT;06037553902;06;037;5539.02;A2
TRACT;06037554001;06;037;5540.01;A3
TRACT;06037554002;06;037;5540.02;A3
TRACT;06037554101;06;037;5541.01;A3
TRACT;06037554105;06;037;5541.05;A3
TRACT;06037554106;06;037;5541.06;A3
TRACT;06037554201;06;037;5542.01;A3
TRACT;06037554203;06;037;5542.03;A3
TRACT;06037554204;06;037;5542.04;A3
TRACT;06037554301;06;037;5543.01;A2,A3
TRACT;06037554302;06;037;5543.02;A2,A3
TRACT;06037554403;06;037;5544.03;A3
TRACT;06037554404;06;037;5544.04;A3
TRACT;06037554405;06;037;5544.05;A3
TRACT;06037554406;06;037;5544.06;A3
TRACT;06037554511;06;037;5545.11;4
TRACT;06037554512;06;037;5545.12;4
TRACT;06037554513;06;037;5545.13;A3
TRACT;06037554514;06;037;5545.14;A3
TRACT;06037554515;06;037;5545.15;4
TRACT;06037554516;06;037;5545.16;4
TRACT;06037554517;06;037;5545.17;4
TRACT;06037554518;06;037;5545.18;4
TRACT;06037554519;06;037;5545.19;4
TRACT;06037554521;06;037;5545.21;A3
TRACT;06037554522;06;037;5545.22;4
TRACT;06037554600;06;037;5546.00;A3
TRACT;06037554700;06;037;5547.00;A3
TRACT;06037554801;06;037;5548.01;A3
TRACT;06037554802;06;037;5548.02;A3
TRACT;06037554900;06;037;5549.00;A3
TRACT;06037555001;06;037;5550.01;4
TRACT;06037555002;06;037;5550.02;4
TRACT;06037555105;06;037;5551.05;4
TRACT;06037555106;06;037;5551.06;4
TRACT;06037555107;06;037;5551.07;4
TRACT;06037555202;06;037;5552.02;4
TRACT;06037555211;06;037;5552.11;4
TRACT;06037555212;06;037;5552.12;4
TRACT;06037555300;06;037;5553.00;A3
TRACT;06037570001;06;037;5700.01;A3
TRACT;06037570002;06;037;5700.02;A3
TRACT;06037570003;06;037;5700.03;A2,A3
TRACT;06037570100;06;037;5701.00;A2
TRACT;06037570202;06;037;5702.02;A2
TRACT;06037570203;06;037;5702.03;A2
TRACT;06037570204;06;037;5702.04;A2
TRACT;06037570303;06;037;5703.03;A2
TRACT;06037570304;06;037;5703.04;A2
TRACT;06037570305;06;037;5703.05;A2
TRACT;06037570306;06;037;5703.06;A2
TRACT;06037570402;06;037;5704.02;A2
TRACT;06037570403;06;037;5704.03;A2
TRACT;06037570404;06;037;5704.04;A2
TRACT;06037570502;06;037;5705.02;A2
TRACT;06037570503;06;037;5705.03;A2
TRACT;06037570504;06;037;5705.04;A2
TRACT;06037570601;06;037;5706.01;A2
TRACT;06037570602;06;037;5706.02;A2
TRACT;06037570603;06;037;5706.03;A2
TRACT;06037570701;06;037;5707.01;A2,A3
TRACT;06037570703;06;037;5707.03;A2
TRACT;06037570800;06;037;5708.00;A3
TRACT;06037570901;06;037;5709.01;A3
TRACT;06037570902;06;037;5709.02;A3
TRACT;06037571000;06;037;5710.00;4
TRACT;06037571101;06;037;5711.01;4
TRACT;06037571102;06;037;5711.02;4
TRACT;06037571201;06;037;5712.01;4
TRACT;06037571202;06;037;5712.02;A3
TRACT;06037571300;06;037;5713.00;4
TRACT;06037571400;06;037;5714.00;4
TRACT;06037571502;06;037;5715.02;A2
TRACT;06037571504;06;037;5715.04;A2
TRACT;06037571505;06;037;5715.05;A2
TRACT;06037571600;06;037;5716.00;A2
TRACT;06037571701;06;037;5717.01;A2
TRACT;06037571703;06;037;5717.03;A2
TRACT;06037571704;06;037;5717.04;A2
TRACT;06037571800;06;037;5718.00;3,4
TRACT;06037571900;06;037;5719.00;A2
TRACT;06037572001;06;037;5720.01;4
TRACT;06037572201;06;037;5722.01;3,4
TRACT;06037572202;06;037;5722.02;3,4
TRACT;06037572301;06;037;5723.01;3
TRACT;06037572500;06;037;5725.00;3
TRACT;06037572600;06;037;5726.00;3
TRACT;06037572700;06;037;5727.00;3
TRACT;06037573002;06;037;5730.02;4
TRACT;06037573003;06;037;5730.03;3,4
TRACT;06037573004;06;037;5730.04;4
TRACT;06037573101;06;037;5731.01;4
TRACT;06037573102;06;037;5731.02;3,4
TRACT;06037573201;06;037;5732.01;4
TRACT;06037573202;06;037;5732.02;4
TRACT;06037573300;06;037;5733.00;4
TRACT;06037573401;06;037;5734.01;4
TRACT;06037573402;06;037;5734.02;4
TRACT;06037573403;06;037;5734.03;4
TRACT;06037573601;06;037;5736.01;4
TRACT;06037573700;06;037;5737.00;4
TRACT;06037573800;06;037;5738.00;4
TRACT;06037573902;06;037;5739.02;4
TRACT;06037574000;06;037;5740.00;4
TRACT;06037574100;06;037;5741.00;4
TRACT;06037574201;06;037;5742.01;4
TRACT;06037574202;06;037;5742.02;4
TRACT;06037574300;06;037;5743.00;4
TRACT;06037574400;06;037;5744.00;4
TRACT;06037574500;06;037;5745.00;4
TRACT;06037574602;06;037;5746.02;4
TRACT;06037574800;06;037;5748.00;4
TRACT;06037574901;06;037;5749.01;4
TRACT;06037574902;06;037;5749.02;4
TRACT;06037575001;06;037;5750.01;4
TRACT;06037575002;06;037;5750.02;4
TRACT;06037575101;06;037;5751.01;4
TRACT;06037575102;06;037;5751.02;4
TRACT;06037575103;06;037;5751.03;4
TRACT;06037575201;06;037;5752.01;4
TRACT;06037575202;06;037;5752.02;4
TRACT;06037575300;06;037;5753.00;4
TRACT;06037575401;06;037;5754.01;3,4
TRACT;06037575402;06;037;5754.02;4
TRACT;06037575801;06;037;5758.01;3,4
TRACT;06037575802;06;037;5758.02;4
TRACT;06037575803;06;037;5758.03;4
TRACT;06037575901;06;037;5759.01;3,4
TRACT;06037575902;06;037;5759.02;4
TRACT;06037576001;06;037;5760.01;3,4
TRACT;06037576200;06;037;5762.00;4
TRACT;06037576301;06;037;5763.01;4
TRACT;06037576302;06;037;5763.02;4
TRACT;06037576401;06;037;5764.01;4
TRACT;06037576402;06;037;5764.02;4
TRACT;06037576403;06;037;5764.03;4
TRACT;06037576501;06;037;5765.01;4
TRACT;06037576502;06;037;5765.02;4
TRACT;06037576503;06;037;5765.03;4
TRACT;06037576601;06;037;5766.01;4
TRACT;06037576602;06;037;5766.02;4
TRACT;06037576700;06;037;5767.00;4
TRACT;06037576801;06;037;5768.01;4
TRACT;06037576802;06;037;5768.02;4
TRACT;06037576901;06;037;5769.01;4
TRACT;06037576903;06;037;5769.03;4
TRACT;06037576904;06;037;5769.04;4
TRACT;06037577000;06;037;5770.00;4
TRACT;06037577100;06;037;5771.00;4
TRACT;06037577200;06;037;5772.00;4
TRACT;06037577300;06;037;5773.00;4
TRACT;06037577400;06;037;5774.00;4
TRACT;06037577501;06;037;5775.01;4
TRACT;06037577504;06;037;5775.04;4
TRACT;06037577602;06;037;5776.02;4
TRACT;06037577604;06;037;5776.04;4
TRACT;06037577605;06;037;5776.05;4
TRACT;06037577606;06;037;5776.06;4
TRACT;06037577700;06;037;5777.00;3
TRACT;06037577800;06;037;5778.00;A3
TRACT;06037577900;06;037;5779.00;3,4
TRACT;06037578000;06;037;5780.00;3
TRACT;06037578100;06;037;5781.00;4
TRACT;06037599000;06;037;5990.00;5
TRACT;06037599100;06;037;5991.00;5,6
TRACT;06037600100;06;037;6001.00;A2
TRACT;06037600201;06;037;6002.01;A2
TRACT;06037600202;06;037;6002.02;A2
TRACT;06037600302;06;037;6003.02;A2
TRACT;06037600303;06;037;6003.03;A2
TRACT;06037600304;06;037;6003.04;A2
TRACT;06037600400;06;037;6004.00;A2
TRACT;06037600501;06;037;6005.01;A2
TRACT;06037600601;06;037;6006.01;A2
TRACT;06037600602;06;037;6006.02;A2
TRACT;06037600702;06;037;6007.02;A2
TRACT;06037600703;06;037;6007.03;A2
TRACT;06037600704;06;037;6007.04;A2
TRACT;06037600801;06;037;6008.01;A2
TRACT;06037600802;06;037;6008.02;A2
TRACT;06037600902;06;037;6009.02;A2
TRACT;06037600911;06;037;6009.11;A2
TRACT;06037600912;06;037;6009.12;A2
TRACT;06037601001;06;037;6010.01;A2
TRACT;06037601002;06;037;6010.02;A2
TRACT;06037601100;06;037;6011.00;A2
TRACT;06037601202;06;037;6012.02;A2
TRACT;06037601211;06;037;6012.11;A2
TRACT;06037601212;06;037;6012.12;A2
TRACT;06037601301;06;037;6013.01;A2
TRACT;06037601302;06;037;6013.02;A2
TRACT;06037601303;06;037;6013.03;A2
TRACT;06037601401;06;037;6014.01;A2
TRACT;06037601402;06;037;6014.02;A2
TRACT;06037601501;06;037;6015.01;A2
TRACT;06037601502;06;037;6015.02;A2
TRACT;06037601600;06;037;6016.00;A2
TRACT;06037601700;06;037;6017.00;A2
TRACT;06037601801;06;037;6018.01;A2
TRACT;06037601802;06;037;6018.02;A2
TRACT;06037601900;06;037;6019.00;A2
TRACT;06037602002;06;037;6020.02;A2
TRACT;06037602003;06;037;6020.03;A2
TRACT;06037602103;06;037;6021.03;A2
TRACT;06037602104;06;037;6021.04;A2
TRACT;06037602105;06;037;6021.05;A2
TRACT;06037602106;06;037;6021.06;A2
TRACT;06037602201;06;037;6022.01;A2
TRACT;06037602202;06;037;6022.02;A2
TRACT;06037602301;06;037;6023.01;A2
TRACT;06037602302;06;037;6023.02;A2
TRACT;06037602402;06;037;6024.02;A2
TRACT;06037602403;06;037;6024.03;A2
TRACT;06037602404;06;037;6024.04;A2
TRACT;06037602504;06;037;6025.04;A2
TRACT;06037602505;06;037;6025.05;A2
TRACT;06037602506;06;037;6025.06;A2
TRACT;06037602507;06;037;6025.07;A2
TRACT;06037602510;06;037;6025.10;A2
TRACT;06037602511;06;037;6025.11;A2
TRACT;06037602512;06;037;6025.12;A2
TRACT;06037602513;06;037;6025.13;A2
TRACT;06037602601;06;037;6026.01;A2
TRACT;06037602602;06;037;6026.02;A2
TRACT;06037602700;06;037;6027.00;A2
TRACT;06037602801;06;037;6028.01;A2
TRACT;06037602802;06;037;6028.02;A2
TRACT;06037602900;06;037;6029.00;A2
TRACT;06037603004;06;037;6030.04;A2
TRACT;06037603005;06;037;6030.05;A2
TRACT;06037603006;06;037;6030.06;A2
TRACT;06037603007;06;037;6030.07;A2
TRACT;06037603008;06;037;6030.08;A2
TRACT;06037603101;06;037;6031.01;A2
TRACT;06037603102;06;037;6031.02;A2
TRACT;06037603200;06;037;6032.00;A2
TRACT;06037603301;06;037;6033.01;A2
TRACT;06037603302;06;037;6033.02;A2
TRACT;06037603400;06;037;6034.00;A2
TRACT;06037603500;06;037;6035.00;A2
TRACT;06037603600;06;037;6036.00;A2
TRACT;06037603702;06;037;6037.02;A2
TRACT;06037603703;06;037;6037.03;A2
TRACT;06037603705;06;037;6037.05;A2
TRACT;06037603706;06;037;6037.06;A2
TRACT;06037603801;06;037;6038.01;A2
TRACT;06037603802;06;037;6038.02;A2
TRACT;06037603901;06;037;6039.01;A2
TRACT;06037603902;06;037;6039.02;A2
TRACT;06037604001;06;037;6040.01;A2
TRACT;06037604002;06;037;6040.02;A2
TRACT;06037604101;06;037;6041.01;A2
TRACT;06037604102;06;037;6041.02;A2
TRACT;06037604200;06;037;6042.00;A2
TRACT;06037609900;06;037;6099.00;3
TRACT;06037620001;06;037;6200.01;A2
TRACT;06037620002;06;037;6200.02;A2
TRACT;06037620101;06;037;6201.01;3
TRACT;06037620102;06;037;6201.02;3
TRACT;06037620201;06;037;6202.01;3
TRACT;06037620301;06;037;6203.01;3
TRACT;06037620303;06;037;6203.03;3
TRACT;06037620305;06;037;6203.05;3
TRACT;06037620400;06;037;6204.00;3
TRACT;06037620501;06;037;6205.01;A2
TRACT;06037620521;06;037;6205.21;A2
TRACT;06037620522;06;037;6205.22;3
TRACT;06037620601;06;037;6206.01;A2
TRACT;06037620602;06;037;6206.02;3
TRACT;06037620701;06;037;6207.01;3
TRACT;06037620703;06;037;6207.03;3
TRACT;06037620704;06;037;6207.04;3
TRACT;06037620801;06;037;6208.01;3
TRACT;06037620802;06;037;6208.02;3
TRACT;06037620901;06;037;6209.01;3
TRACT;06037620904;06;037;6209.04;3
TRACT;06037621001;06;037;6210.01;3
TRACT;06037621005;06;037;6210.05;3
TRACT;06037621102;06;037;6211.02;3
TRACT;06037621104;06;037;6211.04;3
TRACT;06037621201;06;037;6212.01;3
TRACT;06037621204;06;037;6212.04;3
TRACT;06037621301;06;037;6213.01;3
TRACT;06037621324;06;037;6213.24;3
TRACT;06037621326;06;037;6213.26;3
TRACT;06037621400;06;037;6214.00;3
TRACT;06037650001;06;037;6500.01;A2
TRACT;06037650003;06;037;6500.03;A2
TRACT;06037650004;06;037;6500.04;A2
TRACT;06037650101;06;037;6501.01;A2
TRACT;06037650102;06;037;6501.02;A2
TRACT;06037650200;06;037;6502.00;3
TRACT;06037650300;06;037;6503.00;3
TRACT;06037650401;06;037;6504.01;3
TRACT;06037650501;06;037;6505.01;3
TRACT;06037650502;06;037;6505.02;3
TRACT;06037650603;06;037;6506.03;3
TRACT;06037650604;06;037;6506.04;3
TRACT;06037650605;06;037;6506.05;3
TRACT;06037650606;06;037;6506.06;3
TRACT;06037650607;06;037;6506.07;3
TRACT;06037650701;06;037;6507.01;3
TRACT;06037650702;06;037;6507.02;3
TRACT;06037650801;06;037;6508.01;3
TRACT;06037650802;06;037;6508.02;3
TRACT;06037650901;06;037;6509.01;3
TRACT;06037650903;06;037;6509.03;3
TRACT;06037650904;06;037;6509.04;3
TRACT;06037651001;06;037;6510.01;3
TRACT;06037651002;06;037;6510.02;3
TRACT;06037651101;06;037;6511.01;3
TRACT;06037651102;06;037;6511.02;3
TRACT;06037651201;06;037;6512.01;3
TRACT;06037651221;06;037;6512.21;3
TRACT;06037651222;06;037;6512.22;3
TRACT;06037651302;06;037;6513.02;3
TRACT;06037651304;06;037;6513.04;3
TRACT;06037651401;06;037;6514.01;3
TRACT;06037651402;06;037;6514.02;3
TRACT;06037670001;06;037;6700.01;3
TRACT;06037670002;06;037;6700.02;3
TRACT;06037670003;06;037;6700.03;3
TRACT;06037670101;06;037;6701.01;3
TRACT;06037670102;06;037;6701.02;3
TRACT;06037670201;06;037;6702.01;3
TRACT;06037670202;06;037;6702.02;3
TRACT;06037670324;06;037;6703.24;3
TRACT;06037670326;06;037;6703.26;3
TRACT;06037670328;06;037;6703.28;3
TRACT;06037670405;06;037;6704.05;3
TRACT;06037670406;06;037;6704.06;3
TRACT;06037670407;06;037;6704.07;3
TRACT;06037670413;06;037;6704.13;3
TRACT;06037670416;06;037;6704.16;3
TRACT;06037670417;06;037;6704.17;3
TRACT;06037670418;06;037;6704.18;3
TRACT;06037670500;06;037;6705.00;3
TRACT;06037670603;06;037;6706.03;3
TRACT;06037670604;06;037;6706.04;3
TRACT;06037670701;06;037;6707.01;3
TRACT;06037670702;06;037;6707.02;3
TRACT;06037700101;06;037;7001.01;A2
TRACT;06037700102;06;037;7001.02;A2
TRACT;06037700200;06;037;7002.00;A2
TRACT;06037700300;06;037;7003.00;A2
TRACT;06037700400;06;037;7004.00;A2
TRACT;06037700501;06;037;7005.01;A2
TRACT;06037700502;06;037;7005.02;A2
TRACT;06037700600;06;037;7006.00;A2
TRACT;06037700700;06;037;7007.00;A2
TRACT;06037700801;06;037;7008.01;A2
TRACT;06037700802;06;037;7008.02;A2
TRACT;06037700901;06;037;7009.01;A2
TRACT;06037700902;06;037;7009.02;A2
TRACT;06037701000;06;037;7010.00;A2
TRACT;06037701201;06;037;7012.01;A2
TRACT;06037701202;06;037;7012.02;A2
TRACT;06037701302;06;037;7013.02;A2
TRACT;06037701304;06;037;7013.04;A2
TRACT;06037701402;06;037;7014.02;A2
TRACT;06037701501;06;037;7015.01;A2
TRACT;06037701502;06;037;7015.02;A2
TRACT;06037701601;06;037;7016.01;A2
TRACT;06037701602;06;037;7016.02;A2
TRACT;06037701701;06;037;7017.01;A2
TRACT;06037701702;06;037;7017.02;A2
TRACT;06037701801;06;037;7018.01;A2
TRACT;06037701802;06;037;7018.02;A2
TRACT;06037701902;06;037;7019.02;A2
TRACT;06037702002;06;037;7020.02;A2
TRACT;06037702102;06;037;7021.02;A2
TRACT;06037702201;06;037;7022.01;A2
TRACT;06037702202;06;037;7022.02;A2
TRACT;06037702300;06;037;7023.00;A2
TRACT;06037702400;06;037;7024.00;A2
TRACT;06037702501;06;037;7025.01;A2
TRACT;06037702502;06;037;7025.02;A2
TRACT;06037702600;06;037;7026.00;A2
TRACT;06037702700;06;037;7027.00;A2
TRACT;06037702801;06;037;7028.01;A2
TRACT;06037702802;06;037;7028.02;A2
TRACT;06037702803;06;037;7028.03;A2
TRACT;06037702900;06;037;7029.00;A2
TRACT;06037703002;06;037;7030.02;A2
TRACT;06037703003;06;037;7030.03;A2
TRACT;06037703100;06;037;7031.00;A2
TRACT;06037703200;06;037;7032.00;A2
TRACT;06037800101;06;037;8001.01;3
TRACT;06037800103;06;037;8001.03;3
TRACT;06037800104;06;037;8001.04;3
TRACT;06037800202;06;037;8002.02;3
TRACT;06037800204;06;037;8002.04;3
TRACT;06037800205;06;037;8002.05;3
TRACT;06037800206;06;037;8002.06;3
TRACT;06037800324;06;037;8003.24;3
TRACT;06037800325;06;037;8003.25;3
TRACT;06037800328;06;037;8003.28;3
TRACT;06037800333;06;037;8003.33;3
TRACT;06037800334;06;037;8003.34;3
TRACT;06037800335;06;037;8003.35;3
TRACT;06037800336;06;037;8003.36;3
TRACT;06037800337;06;037;8003.37;3
TRACT;06037800338;06;037;8003.38;3
TRACT;06037800406;06;037;8004.06;3
TRACT;06037800410;06;037;8004.10;3
TRACT;06037800411;06;037;8004.11;3
TRACT;06037800412;06;037;8004.12;3
TRACT;06037800504;06;037;8005.04;3
TRACT;06037800506;06;037;8005.06;3
TRACT;06037900102;06;037;9001.02;2
TRACT;06037900103;06;037;9001.03;2
TRACT;06037900104;06;037;9001.04;2
TRACT;06037900301;06;037;9003.01;2
TRACT;06037900501;06;037;9005.01;2
TRACT;06037900504;06;037;9005.04;2
TRACT;06037900505;06;037;9005.05;2
TRACT;06037900506;06;037;9005.06;2
TRACT;06037900508;06;037;9005.08;2
TRACT;06037900509;06;037;9005.09;2
TRACT;06037900510;06;037;9005.10;2
TRACT;06037900602;06;037;9006.02;2
TRACT;06037900606;06;037;9006.06;2
TRACT;06037900607;06;037;9006.07;2
TRACT;06037900608;06;037;9006.08;2
TRACT;06037900609;06;037;9006.09;2
TRACT;06037900610;06;037;9006.10;2
TRACT;06037900611;06;037;9006.11;2
TRACT;06037900701;06;037;9007.01;2
TRACT;06037900703;06;037;9007.03;2
TRACT;06037900704;06;037;9007.04;2
TRACT;06037900705;06;037;9007.05;2
TRACT;06037900804;06;037;9008.04;2
TRACT;06037900805;06;037;9008.05;2
TRACT;06037900806;06;037;9008.06;2
TRACT;06037900807;06;037;9008.07;2
TRACT;06037900808;06;037;9008.08;2
TRACT;06037900901;06;037;9009.01;1,2
TRACT;06037900902;06;037;9009.02;1,2
TRACT;06037901003;06;037;9010.03;1
TRACT;06037901007;06;037;9010.07;1,2
TRACT;06037901008;06;037;9010.08;2
TRACT;06037901009;06;037;9010.09;2
TRACT;06037901010;06;037;9010.10;1,2
TRACT;06037901011;06;037;9010.11;2
TRACT;06037901012;06;037;9010.12;1
TRACT;06037901013;06;037;9010.13;1,2
TRACT;06037901014;06;037;9010.14;1,2
TRACT;06037901101;06;037;9011.01;1
TRACT;06037901102;06;037;9011.02;1
TRACT;06037901209;06;037;9012.09;1
TRACT;06037901210;06;037;9012.10;1
TRACT;06037901214;06;037;9012.14;1
TRACT;06037901215;06;037;9012.15;1
TRACT;06037901216;06;037;9012.16;1
TRACT;06037901217;06;037;9012.17;1
TRACT;06037901218;06;037;9012.18;1
TRACT;06037901300;06;037;9013.00;2
TRACT;06037910002;06;037;9100.02;2
TRACT;06037910210;06;037;9102.10;1,2
TRACT;06037910211;06;037;9102.11;1,2
TRACT;06037910212;06;037;9102.12;1,2
TRACT;06037910213;06;037;9102.13;2
TRACT;06037910214;06;037;9102.14;2
TRACT;06037910215;06;037;9102.15;2
TRACT;06037910216;06;037;9102.16;1,2
TRACT;06037910217;06;037;9102.17;1,2
TRACT;06037910218;06;037;9102.18;2
TRACT;06037910301;06;037;9103.01;1
TRACT;06037910302;06;037;9103.02;1
TRACT;06037910401;06;037;9104.01;2
TRACT;06037910404;06;037;9104.04;2
TRACT;06037910405;06;037;9104.05;2
TRACT;06037910501;06;037;9105.01;2
TRACT;06037910502;06;037;9105.02;2
TRACT;06037910504;06;037;9105.04;2
TRACT;06037910505;06;037;9105.05;2
TRACT;06037910601;06;037;9106.01;2
TRACT;06037910602;06;037;9106.02;2
TRACT;06037910605;06;037;9106.05;2
TRACT;06037910606;06;037;9106.06;2
TRACT;06037910607;06;037;9106.07;2
TRACT;06037910608;06;037;9106.08;2
TRACT;06037910706;06;037;9107.06;2
TRACT;06037910707;06;037;9107.07;2
TRACT;06037910709;06;037;9107.09;2
TRACT;06037910712;06;037;9107.12;2
TRACT;06037910713;06;037;9107.13;2
TRACT;06037910714;06;037;9107.14;2
TRACT;06037910715;06;037;9107.15;2
TRACT;06037910716;06;037;9107.16;2
TRACT;06037910717;06;037;9107.17;2
TRACT;06037910718;06;037;9107.18;2
TRACT;06037910719;06;037;9107.19;2
TRACT;06037910720;06;037;9107.20;2
TRACT;06037910721;06;037;9107.21;2
TRACT;06037910804;06;037;9108.04;1,2
TRACT;06037910807;06;037;9108.07;1
TRACT;06037910808;06;037;9108.08;1
TRACT;06037910809;06;037;9108.09;1
TRACT;06037910810;06;037;9108.10;1
TRACT;06037910814;06;037;9108.14;1
TRACT;06037910815;06;037;9108.15;1,2
TRACT;06037911001;06;037;9110.01;2
TRACT;06037911100;06;037;9111.00;2
TRACT;06037920013;06;037;9200.13;1
TRACT;06037920015;06;037;9200.15;1
TRACT;06037920016;06;037;9200.16;1
TRACT;06037920017;06;037;9200.17;1
TRACT;06037920018;06;037;9200.18;1
TRACT;06037920020;06;037;9200.20;1
TRACT;06037920028;06;037;9200.28;1
TRACT;06037920029;06;037;9200.29;1
TRACT;06037920030;06;037;9200.30;1
TRACT;06037920031;06;037;9200.31;1
TRACT;06037920034;06;037;9200.34;1
TRACT;06037920035;06;037;9200.35;1
TRACT;06037920038;06;037;9200.38;1
TRACT;06037920039;06;037;9200.39;1
TRACT;06037920040;06;037;9200.40;1
TRACT;06037920041;06;037;9200.41;1
TRACT;06037920042;06;037;9200.42;1
TRACT;06037920043;06;037;9200.43;1
TRACT;06037920044;06;037;9200.44;1
TRACT;06037920045;06;037;9200.45;1
TRACT;06037920046;06;037;9200.46;1
TRACT;06037920047;06;037;9200.47;1
TRACT;06037920048;06;037;9200.48;1
TRACT;06037920049;06;037;9200.49;1
TRACT;06037920050;06;037;9200.50;1
TRACT;06037920102;06;037;9201.02;1
TRACT;06037920104;06;037;9201.04;1
TRACT;06037920106;06;037;9201.06;1
TRACT;06037920109;06;037;9201.09;1
TRACT;06037920110;06;037;9201.10;1
TRACT;06037920111;06;037;9201.11;1
TRACT;06037920112;06;037;9201.12;1
TRACT;06037920114;06;037;9201.14;1
TRACT;06037920115;06;037;9201.15;1
TRACT;06037920116;06;037;9201.16;1
TRACT;06037920118;06;037;9201.18;1
TRACT;06037920119;06;037;9201.19;1
TRACT;06037920120;06;037;9201.20;1
TRACT;06037920121;06;037;9201.21;1
TRACT;06037920200;06;037;9202.00;1
TRACT;06037920303;06;037;9203.03;1
TRACT;06037920312;06;037;9203.12;1
TRACT;06037920313;06;037;9203.13;1
TRACT;06037920314;06;037;9203.14;1
TRACT;06037920322;06;037;9203.22;1
TRACT;06037920326;06;037;9203.26;1
TRACT;06037920328;06;037;9203.28;1
TRACT;06037920329;06;037;9203.29;1
TRACT;06037920330;06;037;9203.30;1
TRACT;06037920331;06;037;9203.31;1
TRACT;06037920332;06;037;9203.32;1
TRACT;06037920334;06;037;9203.34;1
TRACT;06037920338;06;037;9203.38;1
TRACT;06037920339;06;037;9203.39;1
TRACT;06037920340;06;037;9203.40;1
TRACT;06037920341;06;037;9203.41;1
TRACT;06037920342;06;037;9203.42;1
TRACT;06037920343;06;037;9203.43;1
TRACT;06037930400;06;037;9304.00;1,2,4
TRACT;06037980001;06;037;9800.01;1,3
TRACT;06037980002;06;037;9800.02;3
TRACT;06037980003;06;037;9800.03;2
TRACT;06037980004;06;037;9800.04;2
TRACT;06037980005;06;037;9800.05;3
TRACT;06037980006;06;037;9800.06;4
TRACT;06037980007;06;037;9800.07;4
TRACT;06037980008;06;037;9800.08;1,3
TRACT;06037980009;06;037;9800.09;A1,A2
TRACT;06037980010;06;037;9800.10;A2
TRACT;06037980011;06;037;9800.11;3
TRACT;06037980012;06;037;9800.12;A2
TRACT;06037980013;06;037;9800.13;A2
TRACT;06037980014;06;037;9800.14;3
TRACT;06037980015;06;037;9800.15;3
TRACT;06037980016;06;037;9800.16;A2
TRACT;06037980017;06;037;9800.17;A2
TRACT;06037980018;06;037;9800.18;4
TRACT;06037980019;06;037;9800.19;3
TRACT;06037980020;06;037;9800.20;1
TRACT;06037980021;06;037;9800.21;1
TRACT;06037980022;06;037;9800.22;1
TRACT;06037980023;06;037;9800.23;1
TRACT;06037980024;06;037;9800.24;3
TRACT;06037980025;06;037;9800.25;3
TRACT;06037980026;06;037;9800.26;1
TRACT;06037980028;06;037;9800.28;3
TRACT;06037980030;06;037;9800.30;3
TRACT;06037980031;06;037;9800.31;3
TRACT;06037980033;06;037;9800.33;3,4
TRACT;06037980034;06;037;9800.34;4
TRACT;06037980035;06;037;9800.35;4
TRACT;06037980036;06;037;9800.36;4
TRACT;06037980037;06;037;9800.37;3
TRACT;06037980038;06;037;9800.38;A2
TRACT;06037980039;06;037;9800.39;A2
TRACT;06037990100;06;037;9901.00;3
TRACT;06037990200;06;037;9902.00;3
TRACT;06037990300;06;037;9903.00;3,4
