TYPE;FULLCODE;STATE;COUNTY;TRACT;SHEETS
TRACT;06019000100;06;019;1.00;2
TRACT;06019000200;06;019;2.00;2
TRACT;06019000300;06;019;3.00;2
TRACT;06019000400;06;019;4.00;2
TRACT;06019000501;06;019;5.01;2
TRACT;06019000502;06;019;5.02;2
TRACT;06019000601;06;019;6.01;2
TRACT;06019000602;06;019;6.02;2
TRACT;06019000701;06;019;7.01;2
TRACT;06019000702;06;019;7.02;2
TRACT;06019000901;06;019;9.01;2
TRACT;06019000902;06;019;9.02;2
TRACT;06019001000;06;019;10.00;2
TRACT;06019001100;06;019;11.00;2
TRACT;06019001201;06;019;12.01;2
TRACT;06019001202;06;019;12.02;2
TRACT;06019001301;06;019;13.01;2
TRACT;06019001303;06;019;13.03;2
TRACT;06019001304;06;019;13.04;2
TRACT;06019001407;06;019;14.07;2
TRACT;06019001408;06;019;14.08;2
TRACT;06019001409;06;019;14.09;2
TRACT;06019001411;06;019;14.11;2
TRACT;06019001412;06;019;14.12;2
TRACT;06019001413;06;019;14.13;2
TRACT;06019001415;06;019;14.15;2
TRACT;06019001416;06;019;14.16;2
TRACT;06019001417;06;019;14.17;2
TRACT;06019001418;06;019;14.18;2
TRACT;06019001500;06;019;15.00;2
TRACT;06019001600;06;019;16.00;2,3
TRACT;06019001700;06;019;17.00;2
TRACT;06019001800;06;019;18.00;2
TRACT;06019002000;06;019;20.00;2
TRACT;06019002100;06;019;21.00;2
TRACT;06019002200;06;019;22.00;2
TRACT;06019002300;06;019;23.00;2
TRACT;06019002400;06;019;24.00;2
TRACT;06019002501;06;019;25.01;2
TRACT;06019002502;06;019;25.02;2
TRACT;06019002601;06;019;26.01;2
TRACT;06019002602;06;019;26.02;2
TRACT;06019002701;06;019;27.01;2
TRACT;06019002702;06;019;27.02;2
TRACT;06019002800;06;019;28.00;2
TRACT;06019002903;06;019;29.03;2
TRACT;06019002904;06;019;29.04;2
TRACT;06019002905;06;019;29.05;2
TRACT;06019002906;06;019;29.06;2
TRACT;06019003001;06;019;30.01;2
TRACT;06019003003;06;019;30.03;2
TRACT;06019003004;06;019;30.04;2
TRACT;06019003102;06;019;31.02;2
TRACT;06019003103;06;019;31.03;2
TRACT;06019003104;06;019;31.04;2
TRACT;06019003201;06;019;32.01;2
TRACT;06019003202;06;019;32.02;2
TRACT;06019003301;06;019;33.01;2
TRACT;06019003302;06;019;33.02;2
TRACT;06019003401;06;019;34.01;2
TRACT;06019003402;06;019;34.02;2
TRACT;06019003500;06;019;35.00;2
TRACT;06019003600;06;019;36.00;2
TRACT;06019003701;06;019;37.01;2
TRACT;06019003702;06;019;37.02;2
TRACT;06019003804;06;019;38.04;2
TRACT;06019003805;06;019;38.05;2
TRACT;06019003807;06;019;38.07;2
TRACT;06019003808;06;019;38.08;2
TRACT;06019003809;06;019;38.09;2
TRACT;06019003810;06;019;38.10;2
TRACT;06019003811;06;019;38.11;2
TRACT;06019003812;06;019;38.12;2
TRACT;06019003900;06;019;39.00;2
TRACT;06019004003;06;019;40.03;2
TRACT;06019004004;06;019;40.04;2
TRACT;06019004005;06;019;40.05;2
TRACT;06019004006;06;019;40.06;2
TRACT;06019004100;06;019;41.00;2
TRACT;06019004205;06;019;42.05;2
TRACT;06019004208;06;019;42.08;2
TRACT;06019004210;06;019;42.10;2
TRACT;06019004211;06;019;42.11;2
TRACT;06019004212;06;019;42.12;2
TRACT;06019004213;06;019;42.13;2
TRACT;06019004214;06;019;42.14;2
TRACT;06019004215;06;019;42.15;2
TRACT;06019004216;06;019;42.16;2
TRACT;06019004217;06;019;42.17;2
TRACT;06019004218;06;019;42.18;2
TRACT;06019004301;06;019;43.01;2
TRACT;06019004302;06;019;43.02;2
TRACT;06019004303;06;019;43.03;2
TRACT;06019004404;06;019;44.04;2
TRACT;06019004405;06;019;44.05;2
TRACT;06019004406;06;019;44.06;2
TRACT;06019004409;06;019;44.09;2
TRACT;06019004410;06;019;44.10;2
TRACT;06019004411;06;019;44.11;2
TRACT;06019004503;06;019;45.03;2
TRACT;06019004504;06;019;45.04;2
TRACT;06019004505;06;019;45.05;2
TRACT;06019004506;06;019;45.06;2
TRACT;06019004601;06;019;46.01;2
TRACT;06019004602;06;019;46.02;2
TRACT;06019004703;06;019;47.03;2
TRACT;06019004704;06;019;47.04;2
TRACT;06019004705;06;019;47.05;2
TRACT;06019004706;06;019;47.06;2
TRACT;06019004801;06;019;48.01;2
TRACT;06019004802;06;019;48.02;2
TRACT;06019004901;06;019;49.01;2
TRACT;06019004902;06;019;49.02;2
TRACT;06019005000;06;019;50.00;2
TRACT;06019005100;06;019;51.00;2
TRACT;06019005202;06;019;52.02;2
TRACT;06019005203;06;019;52.03;2
TRACT;06019005204;06;019;52.04;2
TRACT;06019005301;06;019;53.01;2
TRACT;06019005302;06;019;53.02;2
TRACT;06019005304;06;019;53.04;2
TRACT;06019005305;06;019;53.05;2
TRACT;06019005403;06;019;54.03;2
TRACT;06019005405;06;019;54.05;2
TRACT;06019005406;06;019;54.06;2
TRACT;06019005407;06;019;54.07;2
TRACT;06019005408;06;019;54.08;2
TRACT;06019005409;06;019;54.09;2
TRACT;06019005410;06;019;54.10;2
TRACT;06019005503;06;019;55.03;2
TRACT;06019005504;06;019;55.04;2
TRACT;06019005505;06;019;55.05;2
TRACT;06019005507;06;019;55.07;2
TRACT;06019005508;06;019;55.08;2
TRACT;06019005509;06;019;55.09;2
TRACT;06019005512;06;019;55.12;2
TRACT;06019005513;06;019;55.13;2
TRACT;06019005514;06;019;55.14;2
TRACT;06019005515;06;019;55.15;2,3
TRACT;06019005516;06;019;55.16;2
TRACT;06019005518;06;019;55.18;2,3
TRACT;06019005520;06;019;55.20;2
TRACT;06019005522;06;019;55.22;2
TRACT;06019005524;06;019;55.24;2
TRACT;06019005525;06;019;55.25;2
TRACT;06019005526;06;019;55.26;2
TRACT;06019005527;06;019;55.27;2
TRACT;06019005528;06;019;55.28;2
TRACT;06019005529;06;019;55.29;2
TRACT;06019005602;06;019;56.02;2
TRACT;06019005605;06;019;56.05;2
TRACT;06019005606;06;019;56.06;2
TRACT;06019005607;06;019;56.07;2
TRACT;06019005608;06;019;56.08;2
TRACT;06019005701;06;019;57.01;2
TRACT;06019005702;06;019;57.02;2
TRACT;06019005703;06;019;57.03;2
TRACT;06019005704;06;019;57.04;2
TRACT;06019005801;06;019;58.01;2
TRACT;06019005802;06;019;58.02;2
TRACT;06019005804;06;019;58.04;2
TRACT;06019005805;06;019;58.05;2
TRACT;06019005904;06;019;59.04;2,3
TRACT;06019005906;06;019;59.06;3
TRACT;06019005907;06;019;59.07;2
TRACT;06019005911;06;019;59.11;2,3
TRACT;06019005912;06;019;59.12;2,3
TRACT;06019005913;06;019;59.13;2
TRACT;06019005914;06;019;59.14;2
TRACT;06019005915;06;019;59.15;3
TRACT;06019005916;06;019;59.16;3
TRACT;06019006001;06;019;60.01;3
TRACT;06019006002;06;019;60.02;3
TRACT;06019006101;06;019;61.01;3
TRACT;06019006102;06;019;61.02;3
TRACT;06019006201;06;019;62.01;3
TRACT;06019006202;06;019;62.02;3
TRACT;06019006301;06;019;63.01;3
TRACT;06019006302;06;019;63.02;3
TRACT;06019006405;06;019;64.05;1,2,3
TRACT;06019006406;06;019;64.06;3
TRACT;06019006407;06;019;64.07;3
TRACT;06019006408;06;019;64.08;1,3
TRACT;06019006409;06;019;64.09;1,3
TRACT;06019006410;06;019;64.10;3
TRACT;06019006411;06;019;64.11;1,3
TRACT;06019006501;06;019;65.01;3
TRACT;06019006502;06;019;65.02;3
TRACT;06019006602;06;019;66.02;3
TRACT;06019006603;06;019;66.03;3
TRACT;06019006605;06;019;66.05;3
TRACT;06019006606;06;019;66.06;3
TRACT;06019006700;06;019;67.00;3
TRACT;06019006802;06;019;68.02;3
TRACT;06019006900;06;019;69.00;3
TRACT;06019007002;06;019;70.02;3
TRACT;06019007003;06;019;70.03;2,3
TRACT;06019007004;06;019;70.04;3
TRACT;06019007101;06;019;71.01;2,3
TRACT;06019007102;06;019;71.02;2,3
TRACT;06019007202;06;019;72.02;3
TRACT;06019007203;06;019;72.03;3
TRACT;06019007204;06;019;72.04;3
TRACT;06019007300;06;019;73.00;2,3
TRACT;06019007400;06;019;74.00;2,3
TRACT;06019007500;06;019;75.00;2
TRACT;06019007600;06;019;76.00;2
TRACT;06019007700;06;019;77.00;2
TRACT;06019007801;06;019;78.01;2
TRACT;06019007802;06;019;78.02;2
TRACT;06019007903;06;019;79.03;2
TRACT;06019008000;06;019;80.00;2
TRACT;06019008100;06;019;81.00;2
TRACT;06019008200;06;019;82.00;2
TRACT;06019008301;06;019;83.01;2
TRACT;06019008303;06;019;83.03;2
TRACT;06019008304;06;019;83.04;2
TRACT;06019008402;06;019;84.02;2
TRACT;06019008403;06;019;84.03;2
TRACT;06019008404;06;019;84.04;2
TRACT;06019008405;06;019;84.05;2
TRACT;06019008501;06;019;85.01;3
TRACT;06019008503;06;019;85.03;3
TRACT;06019008504;06;019;85.04;3
TRACT;06019008600;06;019;86.00;2
